7326237 7 1
7259527 8 -1
9707079 14 -1
9493949 6 1
8363638 11 1
7133317 14 -1
5992995 19 1
7958597 19 -1
0458540 13 1
1314131 2 1
8031308 10 -1
7590957 3 1
0128210 9 -1
0730370 3 1
4986894 19 1
2528252 11 -1
7762677 6 -1
8062608 0 -1
9816189 1 -1
4248424 12 -1
1265621 8 -1
4402044 11 1
1101011 18 -1
3239323 20 -1
1619161 11 1
7852587 10 -1
8002008 6 -1
0966690 7 1
5836385 16 -1
2609062 9 1
8892988 15 -1
8987898 12 1
9127219 0 1
0952590 8 1
8523258 2 1
8151518 1 -1
4340434 9 -1
0119110 1 -1
6675766 7 -1
0221220 4 1
9179719 8 1
2410142 18 1
4630364 5 -1
3884883 9 -1
7511157 19 -1
4909094 9 1
7958597 12 -1
8165618 11 -1
7423247 2 1
4439344 6 -1
6406046 9 1
3330333 9 1
3859583 11 1
7389837 11 -1
6257526 15 1
0962690 14 -1
9485849 13 1
9926299 2 -1
7178717 5 -1
1757571 4 1
1196911 7 1
7990997 3 1
8842488 1 1
5710175 1 1
4205024 11 1
9885889 4 -1
2361632 13 1
1969691 3 1
6320236 18 -1
9641469 19 -1
5023205 14 -1
0618160 17 1
3984893 4 1
8617168 9 1
2858582 1 1
2286822 18 1
6741476 18 1
2767672 14 1
7463647 5 -1
9328239 14 1
7812187 14 1
0729270 17 -1
3984893 16 1
4582854 18 -1
2505052 2 -1
3226223 6 1
0088800 15 -1
2342432 20 -1
5516155 12 1
6332336 14 1
8692968 17 -1
8730378 5 1
2157512 13 1
8330338 15 -1
4424244 18 -1
3218123 13 -1
6927296 11 -1
4936394 0 -1
2330332 18 1
1955591 11 -1