2
100 0
125 131
21 117
121 111
122 98
49 9
22 39
96 44
2 102
13 23
48 115
8 80
101 95
37 70
42 108
29 71
91 119
89 31
37 111
16 31
92 52
99 30
61 39
42 116
124 45
120 92
34 66
3 71
92 52
11 102
97 12
29 53
91 54
124 5
84 37
73 107
125 85
116 14
18 123
100 87
67 77
99 47
73 123
43 95
57 27
16 103
51 109
29 87
117 47
72 116
60 68
81 119
51 15
49 1
45 31
96 44
64 76
27 87
104 38
2 62
82 19
72 102
56 50
19 44
3 29
8 71
56 34
10 110
106 10
40 117
24 60
98 60
74 78
17 19
58 83
32 26
113 43
83 110
105 63
88 114
35 93
25 21
97 123
50 23
9 119
46 79
52 119
123 86
10 69
6 47
36 4
41 66
89 94
101 78
64 125
25 44
67 75
65 105
112 118
25 94
56 22
33 59
73 28
36 7
59 20
48 93
36 102
90 23
10 46
91 47
60 44
65 35
101 55
14 15
33 14
85 22
18 75
84 93
112 83
3 71
112 118
26 103
55 79
72 53
107 37
64 88
82 19
21 61
2 93
84 110
67 38
105 109
125 15
