84
85
-91 52 -52 87 94 -90 -3 31 97 -22 -16 -64 -72 12 -97 54 -73 -10 -33 6 -31 40 -54 -5 -81 38 -82 22 80 -49 -71 88 -59 -61 16 13 61 9 -50 94 -38 47 -2 -2 -68 57 -10 92 20 84 -47 -60 68 79 11 40 -32 14 82 83 61 64 -86 41 -15 76 -32 -55 -73 76 -12 46 -38 60 62 62 94 29 42 44 -74 24 9 20 -91 
75
-42 86 -14 -92 -74 -90 -64 -51 20 -35 -7 77 77 -61 25 0 -67 -12 -14 0 44 -61 -4 45 -64 -5 -91 -52 -16 13 57 -33 86 -6 47 -98 40 25 7 8 -94 -57 52 28 48 11 -95 27 50 89 60 38 -36 -41 48 -93 -51 -80 -18 -61 16 95 1 47 81 25 29 5 63 96 3 -4 56 -27 56 
25
40 74 96 9 -72 26 -42 61 64 97 -1 88 -81 80 65 33 44 38 64 82 71 -29 -21 -51 37 
97
-39 -73 41 -74 -58 28 84 64 82 29 -94 31 -15 82 18 10 99 -89 4 -57 -17 79 -64 -99 -9 66 26 17 -90 46 -78 -69 68 21 81 97 23 33 -70 -1 -8 -6 31 23 -67 31 52 60 -83 -1 3 -99 42 -87 -5 -48 -33 25 74 80 90 18 -98 -61 -79 -81 34 76 -87 63 100 80 88 33 32 -30 -82 -45 -97 75 -52 -67 91 8 49 56 -6 77 -25 -27 65 -7 -80 32 74 47 79 
57
-14 12 -70 -99 -51 70 -41 -19 17 7 54 81 49 -6 -29 81 97 -18 -99 67 43 61 -17 56 -19 -7 73 30 50 90 12 -16 49 89 94 17 -24 77 13 26 -68 55 -100 -27 -47 -33 -51 30 -71 -88 -54 -12 -18 92 -64 -50 -13 
51
65 43 29 70 66 -18 72 74 4 96 59 -15 -82 -94 -99 3 -43 -92 10 41 63 -6 36 -58 44 93 43 5 61 -87 47 -74 -24 -84 70 -41 14 -32 77 -13 70 -67 89 24 -21 -8 -66 48 38 -24 17 
3
-40 59 -86 
67
-93 -3 76 -14 24 -43 -45 57 -44 1 -96 75 77 -40 -28 -11 -73 -54 -34 -50 -57 -71 -32 72 96 44 -5 42 77 -12 -89 -35 -63 -7 -23 -56 8 -49 9 -80 2 79 76 -7 0 -84 83 67 53 -15 88 -4 59 -49 10 -14 -14 17 18 -22 62 0 98 -17 100 -31 84 
8
-37 43 -81 -49 -78 90 -11 -92 
92
61 59 67 54 82 -82 -70 57 -100 32 99 23 15 94 -69 94 51 93 17 -85 -78 1 -34 55 -55 -38 100 -94 33 -46 -75 18 -90 13 -50 79 66 23 33 -44 45 16 44 -73 96 -41 86 77 -58 -95 -73 -74 -93 56 99 -1 58 -65 45 15 -46 -72 -97 100 -64 -98 84 12 58 2 -57 99 -69 3 -57 -61 86 20 -36 63 70 -62 -12 94 23 22 -59 -97 -77 80 -48 63 
80
-8 39 47 48 37 -67 26 -33 61 -52 -41 65 40 57 19 30 -26 -18 -80 -66 6 -43 -79 -63 -62 64 -4 40 15 -57 59 3 64 -76 24 -23 11 80 -48 5 -91 79 65 -54 -83 33 54 -97 -6 -59 -73 -90 -90 21 -30 -2 0 -73 -41 -54 -22 -60 -56 -55 -48 32 94 46 87 36 55 -86 31 38 72 -43 -1 -15 -54 -38 
100
-67 -70 -35 -1 -73 -82 -93 -93 -83 -75 10 -48 -88 8 4 27 88 46 -24 81 -12 67 -86 -14 -10 20 6 32 67 40 -33 42 -60 -43 -70 -40 -11 -89 41 4 -66 -51 96 77 57 -20 1 -33 -88 -81 -80 14 6 10 -61 -96 84 5 46 19 -45 4 -91 64 -96 -18 -29 30 47 -52 66 96 90 -78 8 -17 -57 43 -22 -30 77 9 -15 41 -12 -74 -64 -5 -55 -97 -9 43 -5 83 35 67 49 -17 -39 -66 
24
14 -9 22 79 -18 -25 -92 -60 -13 -68 -56 63 51 63 -50 41 -63 74 21 89 49 -69 68 8 
9
-24 -41 -19 -18 40 -96 88 -4 21 
87
-97 76 -42 15 -34 14 38 1 26 -35 -81 22 -54 26 29 -18 30 100 52 -33 -32 98 88 38 78 -64 10 -47 -36 99 -29 42 -27 -68 -96 -27 51 -31 55 99 -32 80 21 17 -9 -80 44 46 -82 38 17 71 48 12 -31 30 56 -33 36 -87 0 89 20 -71 88 11 -18 28 -91 -10 -59 -3 79 2 -12 65 88 25 61 -57 30 86 95 -46 54 -85 42 
48
-87 -30 -79 -93 8 -71 -87 18 -16 91 -46 -75 60 -26 -58 -41 30 14 -54 61 24 91 9 -24 68 -81 29 -85 -64 -78 20 61 36 92 -35 37 14 -75 -2 4 -1 -45 18 79 26 -97 -37 -39 
38
-81 100 -7 76 -97 75 82 -31 83 -60 69 -89 26 -23 17 -83 76 9 -96 -71 -88 18 -67 40 -94 -11 48 -89 12 87 42 92 66 76 -27 -72 19 17 
36
58 75 -2 62 -37 -58 -56 -30 75 -89 84 -58 90 -57 -80 28 -50 24 46 -57 99 1 -61 -21 -16 34 53 60 100 -8 -7 -47 -56 -31 -25 -47 
64
-56 97 23 82 36 -23 45 16 -83 93 -32 46 70 -6 5 61 22 -75 -40 37 19 -99 59 -67 -95 12 91 46 -1 -8 67 78 -50 62 63 -40 30 1 31 -67 -81 -55 -47 -87 -16 -17 38 99 -64 -81 47 35 5 32 93 -24 -32 -53 28 -52 -6 -87 48 52 
48
-44 35 89 -86 -16 48 -54 70 -99 8 -43 -8 -23 -93 -76 -3 -21 5 -34 98 64 -17 83 71 25 59 15 -83 -2 -22 -60 -6 -53 18 -64 -2 22 -26 25 -83 -58 27 -58 -11 25 24 21 -53 
60
94 -15 30 -85 61 0 -72 -6 -52 -7 55 28 -64 81 -21 0 3 -52 -95 -98 86 86 4 -75 -43 -25 -37 59 39 -46 11 35 12 8 73 -84 0 -45 -69 82 -42 -41 75 -25 69 55 35 9 -98 29 -51 51 21 46 -14 -69 97 73 49 -12 
59
46 -85 -64 -23 63 -34 52 26 -79 -17 99 -33 74 43 -78 43 -71 95 -82 0 -64 27 -66 -88 24 95 45 -58 33 62 28 -28 62 33 -93 33 44 99 22 54 -24 74 -64 -76 -72 -47 -52 12 21 -20 -79 34 -26 12 25 -26 -53 23 -39 
90
-48 27 -60 -20 -62 98 -69 -37 -84 92 12 -77 73 -77 -4 -40 -50 -82 74 58 -41 -100 -73 12 61 -36 44 76 23 50 -34 -67 -21 47 -74 -40 -34 19 -1 -48 -98 91 -7 90 -25 87 93 -27 -16 -20 69 15 -85 -34 -69 -91 -81 53 -76 -18 95 2 -99 2 -94 76 -12 -69 18 35 -97 91 9 -26 34 98 -20 17 66 -2 -5 -56 -69 -36 -88 0 -76 -15 77 80 
88
-93 -68 5 -46 58 99 52 -4 -32 -77 14 18 77 52 -12 -42 87 49 48 -58 -20 97 88 -48 -97 -36 -91 -74 8 -28 -64 -72 -98 70 -88 -96 -60 -97 28 63 40 9 -51 -39 81 37 -34 -79 -79 -99 96 85 54 -83 11 11 31 -52 -88 44 -34 1 16 61 -81 -68 37 3 -76 -18 -78 -57 99 -65 -42 -21 -29 48 -27 -81 8 -50 31 46 52 -86 -16 -13 
79
85 61 18 58 2 -58 -65 -34 2 -21 60 -35 91 -89 61 23 28 66 -74 54 56 -74 -59 -33 56 55 23 -30 -13 49 61 -57 -15 -61 -35 -80 -72 84 99 4 -86 8 76 15 -11 -71 -7 -42 32 28 55 -14 -43 -11 -47 -93 -34 -55 -95 -42 -94 7 72 63 -25 -70 -49 -64 -26 -67 30 -35 -14 -51 -21 -6 -45 98 -3 
46
-19 -13 67 -20 -90 -6 -68 -100 -72 -36 76 -29 9 61 58 9 -50 71 -72 25 -40 -23 -97 68 -35 -98 64 -72 35 -17 -54 87 -39 63 47 44 -50 66 -18 53 -1 -11 3 -7 -64 -97 
21
-55 -28 -25 12 -7 -2 -14 95 59 30 14 -77 77 -83 -3 92 91 -36 -26 7 16 
27
-61 88 -87 13 -44 -77 33 18 -32 -59 93 -67 40 -8 -9 -32 51 -67 36 62 -35 100 -26 56 32 -89 -98 
2
46 98 
32
-13 -13 -94 -80 51 83 -85 -72 -34 -51 -8 -72 84 -28 -75 -74 -66 -18 -93 78 58 57 -50 81 11 -1 40 -89 30 -50 50 -4 
3
-58 -32 -13 
37
-70 -74 19 -92 -37 70 72 -72 -40 -54 -79 10 25 25 52 52 -60 41 -85 9 -74 28 -71 -35 -58 -91 69 -100 19 -56 -12 53 25 -26 57 72 -56 
41
19 -77 7 66 -20 81 96 -9 -8 -73 67 43 95 47 -99 -66 -41 63 6 89 -34 0 -24 -46 65 18 -47 51 59 31 -26 3 54 -98 83 90 97 -61 42 90 -32 
75
-91 16 60 -42 19 -55 46 76 60 -33 -27 -38 22 53 -100 83 -72 45 93 50 -58 44 -14 -81 100 -31 -14 -1 92 -74 -25 -92 55 -37 -30 13 -18 -13 -44 -59 78 -5 -86 25 -8 -71 66 -84 -87 -22 -15 -77 50 -7 -77 -9 -40 85 -84 -22 -34 88 8 -38 -94 -94 -1 38 -40 36 34 -35 -53 -70 44 
70
30 61 -48 -11 74 -36 -38 -9 -88 -70 -43 -16 -26 -64 55 77 21 52 64 -98 31 43 -57 95 -66 -82 37 31 -68 89 -78 28 46 -57 -74 -75 69 -41 91 2 -1 -36 56 -95 -60 23 71 -100 71 -15 -96 -46 -49 -82 -7 -58 67 79 -14 15 -17 49 -23 -45 -50 39 18 52 58 -41 
27
-12 -2 89 -1 14 18 -46 12 -32 44 2 53 -44 -8 -34 10 -93 54 95 -72 -37 -47 -50 -1 -72 73 78 
49
-21 -24 86 67 -53 15 -20 -76 -64 -32 -92 16 59 -72 75 -39 4 -24 -27 -95 14 19 -49 -63 -85 -81 34 -86 62 -16 -81 49 73 34 -52 99 60 -26 8 -5 -9 72 66 -30 79 6 41 63 -46 
33
-12 -70 94 88 -82 81 41 14 -45 -77 -1 70 -75 43 48 37 -37 68 37 77 7 7 76 24 -4 -32 89 23 -84 -73 54 -52 100 
64
44 -61 -40 -3 -46 -35 5 26 3 9 -17 -66 -1 94 76 82 82 26 34 48 -10 -90 -1 -47 -91 26 6 -12 17 -2 -70 -71 -84 7 43 -30 81 0 59 62 -60 31 -95 -72 -49 92 -90 72 80 -43 -8 -51 -59 -43 -43 -13 59 54 -90 5 33 29 -23 -46 
99
-66 -10 16 31 -56 -63 64 -53 94 82 -48 -46 22 71 -8 -89 -82 -100 92 9 47 -31 28 -17 79 98 -16 -22 -42 83 4 -91 45 73 52 -46 23 -85 -85 7 9 72 77 84 -3 2 56 11 12 -60 41 -68 -4 35 14 56 -26 -8 51 -41 90 -58 -88 -75 38 -51 12 -44 -67 56 -25 62 36 -10 -85 -75 -63 63 50 84 96 10 92 -80 14 99 -16 -31 -64 -83 -78 88 -59 5 97 -85 -9 97 -6 
85
62 -90 57 88 -21 -75 9 -37 91 -92 71 5 -37 -24 88 -22 -71 64 25 64 -44 26 58 -7 -76 -71 46 -38 100 -24 58 -54 -15 -91 -34 -45 -100 49 -93 98 -34 51 25 15 58 -23 -13 -21 8 -14 -44 -15 -78 20 -12 -91 79 -81 99 -33 89 64 51 53 -64 26 -29 -34 -83 17 53 62 -36 33 -11 79 -5 -8 9 -18 59 -83 -61 -76 -10 
2
-99 98 
25
-37 62 -62 64 -46 -91 22 -35 18 -4 -78 73 -22 -89 57 -75 -97 -25 42 10 24 3 -65 -15 -25 
40
89 -73 -34 -44 30 4 -70 30 -50 35 -62 -27 -24 -81 -72 14 92 75 -68 65 57 -91 54 35 32 67 -85 -3 53 -90 23 81 -17 -43 -6 10 68 28 12 -99 
7
5 40 -83 -82 -59 90 -62 
91
-60 -85 95 -14 -87 -64 4 3 -81 -5 -83 25 -90 -79 -92 14 42 -31 -93 -80 -53 -4 -59 -57 -26 100 64 -60 12 98 -9 -23 43 -72 -42 -57 -12 83 20 -20 -37 40 -63 -11 36 17 -71 -39 -9 38 -10 -35 62 12 -71 -72 -43 37 68 38 -40 36 88 -56 -34 75 -56 63 98 71 66 -59 31 -95 -22 -5 -71 -43 40 -75 30 86 43 12 -41 12 51 -7 -44 79 -55 
70
50 61 85 -79 -73 -100 53 83 -9 59 -79 -75 -2 -13 -78 16 -99 75 90 -57 18 -61 -34 92 64 83 87 62 -6 40 -28 16 19 77 87 -45 -14 6 -27 91 38 -27 -60 -12 -94 -53 47 -10 38 99 -25 -89 94 80 51 23 57 51 -49 -71 -27 -91 21 11 -75 62 -41 -1 -38 11 
91
82 -88 92 -16 86 -37 34 85 -100 -2 -1 17 -86 -68 -83 15 -1 23 -86 -70 13 -71 -86 -43 -60 -83 25 61 70 -55 68 40 -1 -64 -65 54 -33 -22 37 -70 82 -85 18 -66 -92 -85 20 100 -69 17 63 -51 -38 -86 -22 23 93 93 -66 50 34 60 89 -64 4 9 -2 63 94 -58 20 -51 20 -99 -49 -95 -33 -100 84 -28 -18 0 -18 -78 -84 -76 93 -73 35 95 2 
74
-92 42 -100 -93 88 15 -90 3 -58 -72 46 -44 21 -54 94 75 -15 -68 93 -18 24 -49 -77 90 -90 55 26 -29 -3 21 9 -10 62 98 84 17 85 9 42 57 -49 0 -29 12 -27 -70 -89 4 -94 78 83 96 -46 51 60 -42 -42 95 35 49 -39 -47 30 -30 24 70 11 -79 -95 3 53 71 62 86 
1
-29 
38
44 -77 -14 72 38 63 81 -35 0 -38 -17 -13 90 49 -36 -19 -56 73 34 86 -77 -77 57 47 16 -26 95 -87 44 34 26 -77 53 25 51 59 42 -35 
88
-99 71 51 80 77 18 -63 97 -12 100 -58 -44 -58 -4 84 26 79 -37 -88 14 83 -57 7 -43 97 81 67 -40 -96 16 -82 -26 22 -44 29 -27 50 -60 48 23 -27 82 -10 -90 -96 95 60 -55 20 83 44 2 4 -74 42 97 -63 -12 -15 19 20 14 54 -77 20 -56 -77 -65 -30 -26 5 66 -49 -57 65 24 -20 45 60 -53 -8 100 25 -22 -9 83 63 29 
10
58 94 21 32 86 35 59 -94 90 -68 
86
-92 -42 -80 13 -2 64 96 -44 -70 -42 25 43 43 49 39 -26 -31 84 51 36 97 14 6 95 -48 -39 20 -75 -76 57 47 61 52 -42 -10 51 -91 8 35 30 7 -96 -81 -77 -51 -51 17 93 -11 80 97 -55 -100 33 11 -67 -69 -17 -41 36 -80 6 -78 -9 -58 -51 90 38 79 99 -58 55 -16 -53 8 -16 35 23 -61 26 -70 -85 89 50 -86 -14 
86
-4 -24 43 13 -29 61 7 -8 29 -91 -18 -99 -77 59 32 -18 -98 66 -47 84 83 70 -86 -21 74 -62 45 57 19 -81 26 -73 34 27 76 9 80 -75 -49 -11 -57 -89 8 -77 -60 63 -82 -29 -89 48 30 -89 -62 15 4 -67 -38 -60 -21 -15 -69 76 -45 90 -8 41 -15 29 -84 -63 -34 -32 44 -87 -72 -96 -89 22 -87 49 5 -31 -23 -49 100 -38 
98
18 39 16 66 -82 71 -71 60 13 2 -85 34 48 81 -29 -73 42 40 52 -66 81 80 1 58 63 -77 -79 -15 39 52 37 14 -94 17 15 -11 99 77 37 -8 -77 36 35 -59 61 32 -84 1 -66 1 22 -35 -39 -71 -94 -18 67 65 -100 26 -18 -95 43 39 46 -63 -87 46 96 79 -8 -92 45 18 -57 -60 99 -4 -1 1 37 -26 -29 26 71 -89 -37 67 54 -75 31 -6 48 -50 25 -2 -48 21 
35
-28 15 -16 -19 74 62 -44 -24 -56 35 -84 -44 46 -5 34 -90 63 8 54 59 -99 82 45 -72 -84 51 -21 51 88 -49 9 -98 -35 58 -76 
83
56 -67 -85 -10 92 37 -91 92 -67 51 72 -66 -18 -15 78 -41 -6 99 -59 42 31 -58 80 72 -99 -45 -8 -46 62 0 -92 -31 51 97 51 83 54 -18 -23 -14 46 -71 -85 -5 -94 67 73 -82 91 -13 -81 45 60 82 14 48 17 6 -13 -18 98 29 -79 86 -99 9 -92 33 46 -86 -60 -75 -87 -7 83 26 -34 -28 70 -62 -95 52 -51 
87
42 -89 -6 -28 -14 -4 38 7 -89 -69 57 10 -90 74 87 -10 58 -17 -26 -70 19 18 -48 24 9 66 -92 59 -51 40 -88 -72 -68 -2 -67 -79 -3 1 -46 -38 -60 67 -29 59 28 -30 -51 89 24 -39 -24 -17 11 55 -74 -48 -14 95 -54 -48 62 -43 96 25 -22 10 -62 -49 89 48 55 44 -7 -8 -23 -34 73 79 2 -89 -25 -3 1 -33 62 -42 67 
90
-79 52 -85 -73 -40 -89 86 3 -81 -71 52 -36 -94 84 97 -20 -92 77 91 -45 -76 94 -47 -10 -74 91 14 42 -94 12 70 17 -85 49 1 -98 23 -35 18 -38 56 -62 -92 1 -73 -57 87 -65 -97 -86 -62 -44 -17 77 -16 73 15 13 43 21 26 60 31 62 -30 -5 64 -11 58 33 36 71 -6 79 84 -7 2 90 91 -77 -74 83 29 -96 15 -93 -83 -86 47 -84 
3
-64 -65 -99 
96
-9 -17 39 35 -86 -38 64 20 -70 87 -50 1 10 48 -39 10 -73 -19 -12 -96 26 -56 20 -18 10 11 -49 68 28 7 -19 22 -73 37 -37 24 -17 61 -10 97 -9 43 -58 53 -42 90 73 -42 65 -14 87 -79 48 22 -98 73 1 -28 -81 9 -4 59 60 33 -10 9 -74 91 -57 20 33 32 -71 99 36 -30 -94 47 -67 -78 22 71 -59 -36 14 48 -90 -71 -14 37 -65 40 -11 -41 34 -8 
37
52 -58 82 -61 66 -89 -63 -88 -10 -85 79 -54 -10 42 -64 -64 67 -10 -6 -38 41 -71 62 -20 -22 29 -40 93 -56 -1 -15 24 -22 75 71 -75 76 
64
-64 -5 -6 -17 98 -6 -96 -38 68 -97 -20 -38 66 1 -98 4 94 80 -16 58 -6 -60 -92 -70 82 -58 -29 26 -74 46 55 -48 -5 95 12 72 95 -18 66 -13 -45 -49 -37 91 -67 -51 16 -53 61 6 88 34 -91 18 55 -9 -64 -25 41 -50 76 2 -4 13 
68
-74 52 11 57 100 -84 28 -88 -85 -15 -100 -29 -85 -35 85 -23 -50 -6 67 -56 -27 49 -92 14 -31 41 73 -79 0 2 9 -44 92 -96 54 -85 -54 -88 61 72 84 -33 -64 63 -84 -17 -34 90 -24 4 -6 54 48 87 21 83 41 -98 -61 4 -61 65 -14 5 -80 -48 75 6 
83
-61 -10 -7 64 -77 -4 42 88 -54 -95 11 4 -32 93 19 75 19 -100 52 -80 39 39 -49 8 90 38 33 -95 2 26 39 75 -63 4 28 -84 61 91 -81 76 -32 -75 53 30 -76 -39 -31 32 1 43 55 0 75 -22 -11 -41 93 -9 10 -43 33 -37 55 2 82 15 33 29 7 86 25 -19 72 -78 90 -28 53 -37 -30 66 -11 -2 79 
97
-59 26 22 -78 11 69 -77 -77 -30 0 -13 -17 -82 -26 -98 35 -30 -2 17 -74 -14 0 24 74 -30 -38 -89 76 -49 -10 -47 -87 -29 19 70 47 81 34 48 -19 68 78 -65 34 -15 48 -34 56 26 -41 -5 92 35 38 -47 83 33 -54 99 35 57 -59 22 96 92 -25 90 -8 -30 65 -66 -17 -86 -92 -99 -46 97 -47 95 10 -66 -89 96 43 79 -10 -98 -38 -23 -56 11 1 45 -13 -71 -61 36 
13
-27 18 90 -15 -67 6 55 21 -64 -15 93 39 83 
8
-43 39 41 82 15 0 25 41 
5
43 -20 53 66 57 
81
39 69 48 16 -35 93 31 -81 99 57 62 8 7 -62 84 -54 46 30 -99 -98 -26 -91 -18 97 -17 -25 -72 -67 71 -19 -99 34 -70 28 34 57 -13 -89 -8 -39 -4 -83 -27 44 -46 68 -44 -34 -14 -34 -86 -98 -83 -100 86 -41 32 4 -28 -17 7 -65 72 31 53 66 71 93 42 32 88 -52 -48 45 -90 -27 -49 -10 -70 60 -61 
95
75 -58 -44 7 2 52 -94 1 -82 -97 -91 34 0 27 0 18 50 97 -13 78 87 99 -35 81 4 27 -78 44 75 -100 62 -16 89 -49 -97 -26 -28 -90 20 96 71 87 -25 -85 -6 -49 20 99 -48 70 -47 -23 97 59 -60 65 -17 -21 18 7 -43 35 70 -46 68 -19 -10 2 -20 39 -74 -50 20 -81 -55 -47 97 -99 -78 -34 65 -100 -75 -100 -95 23 -34 -77 29 35 -37 8 -48 56 16 
20
-9 -83 16 -56 67 59 87 -13 -51 95 28 -22 -34 25 -3 -45 -33 67 53 26 
29
31 -61 81 -74 -77 -53 2 -40 -48 78 28 -75 -3 62 -64 64 -100 -26 23 47 50 76 -8 13 -88 69 17 78 19 
46
-21 94 -97 71 -85 74 -63 -35 -68 -57 -30 -44 -4 26 -8 9 -57 -10 40 11 -12 63 92 -10 -74 -85 -10 -57 64 -18 54 44 -90 55 1 -56 -40 88 -82 -62 -2 -36 71 -15 23 44 
69
67 -15 43 73 -12 42 -74 29 -40 -100 36 32 -90 -96 -24 53 -17 6 -74 87 35 10 -18 42 -41 -52 -72 -84 -99 57 -5 96 82 3 70 -15 90 34 93 -93 47 32 55 -51 62 67 11 21 -50 -2 -43 -73 -87 21 -50 63 -68 -48 -45 -90 -46 69 46 -24 83 30 88 -29 21 
18
9 36 34 62 87 -51 3 29 -76 58 46 -14 89 -61 23 -26 33 -50 
26
65 0 99 -50 11 -6 49 50 84 -79 29 -36 73 86 99 -24 44 -27 61 36 41 -42 2 20 95 25 
9
74 65 -77 -68 -27 -80 -16 -47 -98 
35
-5 -32 -98 -49 -19 -96 -81 37 -96 -25 42 -68 -28 -26 -59 11 87 19 87 76 -96 -98 -84 -95 -4 -19 -49 -23 53 57 17 8 -66 37 26 
4
32 47 54 -59 
94
85 -95 73 44 -74 -45 61 -86 -92 2 -43 56 42 -81 64 89 -80 99 66 88 -37 79 -47 -85 19 7 25 24 -20 74 81 -22 44 -62 -45 78 18 -54 -50 -33 76 6 83 19 -70 -22 -34 -44 77 -50 -15 70 85 -52 -6 8 96 70 30 24 89 -28 -85 -75 68 75 97 40 -34 -31 -18 60 -24 -66 71 67 -64 78 77 21 71 63 32 -48 -27 16 -64 -84 -10 58 14 95 -2 94 
69
98 7 54 -45 -33 71 -58 76 -98 79 -2 43 36 -84 -99 99 -37 -50 -10 -38 -16 -10 -75 -48 -38 -73 -70 -82 57 54 54 84 -84 97 89 -83 41 -32 66 -9 91 -94 -48 89 96 -99 -91 -67 -51 -43 -49 97 -79 97 93 -100 -42 -9 -2 42 -56 30 31 21 -11 51 42 -28 -15 
21
38 -40 96 83 -42 -40 57 -39 -72 -82 -74 -25 -72 66 -14 21 90 -18 -9 -75 66