38
30
82 26 95 -86 -85 -73 92 50 -78 3 98 34 78 -51 9 -88 81 47 55 -36 42 -2 -93 6 -90 88 -18 -53 -40 -90 
68
-94 83 -54 -72 3 71 47 93 -44 56 58 62 16 -19 14 14 30 -42 -42 0 89 10 -57 96 -63 -86 56 -68 -40 85 99 -22 -88 34 -7 -33 72 72 0 -20 56 -62 -31 45 -18 -37 1 -69 18 -79 39 -68 92 -75 -46 23 -45 53 -44 3 -41 -92 0 -38 36 71 -83 -51 
46
-90 40 52 -80 35 71 -65 83 40 83 22 22 -98 12 -64 -52 -7 -100 10 -18 -94 55 -34 72 -86 18 85 94 18 56 -18 57 49 28 52 86 56 68 -95 -13 15 -89 13 78 82 94 
79
54 -8 -68 26 66 14 12 93 -58 74 -87 13 -13 34 -13 -84 -72 -3 -81 -20 25 64 -84 -76 -56 60 45 -58 -74 72 1 38 -91 85 4 14 33 57 -80 -98 -56 -68 5 44 11 25 -6 -100 -19 -31 8 86 -32 70 -42 80 -31 -50 22 -15 -2 10 -26 0 74 67 -75 -1 -59 28 20 -26 -49 89 17 44 -1 52 67 
21
37 -38 -79 14 -65 9 -77 42 -4 93 -51 -80 -91 30 73 -2 81 -31 54 3 -78 
53
40 10 -95 -89 -42 -34 -12 -25 -54 7 26 -8 34 29 57 -77 37 -77 -23 16 -5 -20 30 -92 -69 -70 93 45 32 26 62 76 -1 -17 61 -28 1 -70 89 90 65 37 -61 -15 45 -48 -49 63 -61 -43 3 56 10 
33
-48 -21 -47 -97 -10 -81 22 22 -35 73 71 89 -19 3 -76 8 14 -93 92 -89 60 -53 7 95 -21 -5 -53 -12 2 43 68 -44 -19 
87
13 40 -53 -97 -6 36 -73 -89 -19 -73 -15 -41 59 82 9 36 29 -78 14 78 -47 68 27 -32 -90 -25 -27 -69 82 -78 -1 24 37 67 57 -59 -95 59 11 29 33 -75 -25 51 65 39 -77 -26 97 -89 84 -64 2 -81 -24 82 94 96 -38 67 97 -39 41 -44 44 38 92 6 -53 -36 12 -5 -57 -32 6 -79 74 65 -67 90 24 -81 66 -90 -64 -98 76 
62
82 91 -56 -33 30 47 -13 -17 62 95 -30 4 44 -58 -36 -18 -25 -75 -80 37 24 16 -93 -78 -30 52 34 2 3 93 -11 42 -13 -22 -46 69 74 -38 74 -38 -18 7 -73 -88 -44 -42 67 -53 -62 -30 23 25 -90 -27 73 74 39 17 20 73 87 55 
2
-3 -28 
14
-94 12 45 92 -16 -64 -99 -45 97 -67 -27 36 -38 1 
85
19 -74 -96 82 -62 7 -95 27 -7 -17 -41 -86 49 -89 -73 -58 5 35 32 -70 36 50 95 -40 69 -37 -11 -31 5 -85 -13 24 -20 20 48 -21 -59 -53 21 -84 -91 99 32 -70 65 72 -72 15 -51 65 1 -84 -61 -14 -58 2 49 89 37 -40 -95 77 -13 -27 43 -26 -60 -14 9 97 -31 -86 -45 -14 -79 -5 -42 -79 -89 -30 16 -32 47 44 14 
31
-30 28 77 -5 -48 23 -46 48 -69 2 60 -23 -46 -76 -61 -80 -27 -17 -11 -66 -13 72 -71 -30 -29 65 42 63 2 -77 56 
22
35 14 94 -72 -90 -65 77 -70 -54 -17 94 -34 39 -70 -64 -93 48 -80 -15 -91 -61 2 
4
4 66 -20 -91 
57
61 70 90 75 -79 -34 50 -37 68 -75 35 16 -51 20 -20 34 -11 39 6 -56 -81 -6 28 43 3 -87 -16 -78 -32 -11 89 93 -13 -45 -70 38 -98 -64 -97 86 -35 94 -98 -76 -85 18 10 78 82 -4 -93 0 38 -39 -24 72 82 
49
-3 -94 -97 27 52 68 -54 21 81 -99 -61 48 -74 -11 -65 -81 49 56 -13 59 -66 -49 -33 53 -72 -28 34 78 -58 37 27 34 -82 -85 -45 3 100 -77 -18 83 92 29 52 75 -61 45 92 49 23 
23
-16 -68 25 -83 -37 60 -70 20 81 -63 22 -8 89 44 64 52 34 -93 -45 2 29 -18 -88 
48
92 71 -17 -13 -67 20 -73 -55 59 -56 46 -78 72 -96 -32 68 -54 79 -86 -88 -19 85 -84 -15 -3 -40 -22 68 -29 -71 49 -27 -13 -63 39 61 55 49 -82 39 -95 16 58 -47 -11 -28 -43 -77 
50
-47 52 70 66 33 46 -36 24 45 -54 2 16 -96 -52 -74 -88 -89 -29 38 14 -71 66 21 -41 -12 -69 80 -53 -91 55 85 -19 62 70 42 -60 -23 -88 32 -17 75 -41 -89 -59 88 -90 -56 94 -14 42 
69
-16 -11 0 -35 -46 -65 23 49 -89 4 -80 60 -27 94 59 -4 -65 63 83 93 -28 -10 -92 -53 -34 52 40 -36 69 -20 98 7 75 1 68 -53 -71 22 2 64 -84 -53 28 24 -35 78 96 -100 7 83 -95 67 -50 12 -60 60 55 95 67 -16 -1 -3 98 95 80 -19 27 -53 63 
41
19 -70 -27 23 -20 -72 -87 9 91 55 -13 41 68 -98 -15 59 -35 26 60 -44 -43 -83 41 73 70 97 47 -30 51 72 2 -8 9 38 36 -96 40 -57 -87 92 -52 
7
-29 -79 -16 12 -61 48 -12 
84
-46 -64 -66 -50 27 -55 -13 25 66 -47 -23 -89 84 88 47 69 -75 73 -85 -99 -80 83 37 28 98 91 75 89 41 42 -44 -94 -86 55 -45 -31 -30 -70 55 15 76 50 52 -12 60 -85 17 -47 -80 -81 -60 69 -85 -96 16 9 49 -66 16 43 -68 -75 -66 87 76 -22 -73 4 -56 74 88 -92 -13 -48 -93 -35 35 39 -97 92 -18 -8 71 100 
73
-95 -70 100 97 84 96 75 -9 1 78 -71 95 39 -13 8 87 -62 99 75 -79 -99 -22 -14 39 -42 52 92 74 17 100 77 21 26 -52 -83 -74 -13 -8 33 54 -91 75 -88 -15 -61 89 -85 -59 -20 28 66 -34 -47 -82 -35 -45 100 84 -77 -61 33 96 75 76 -93 -50 20 67 36 -35 67 85 30 
33
45 -74 71 -11 12 -94 58 -33 -58 -57 -78 -59 53 -91 -60 -18 54 17 89 -85 -97 -35 27 10 -42 -55 -77 56 -94 -33 -17 -75 -24 
55
-4 43 1 64 93 -13 13 -57 -10 -27 15 -69 -63 -58 -91 -75 43 18 -52 -44 90 81 -13 -94 65 53 -93 -5 30 -81 53 73 -35 -16 16 -6 35 -64 13 -59 41 23 10 13 52 76 90 31 -27 -2 -53 6 -95 4 26 
3
67 95 84 
42
58 -28 -68 -98 98 59 54 98 0 -61 -25 -62 -67 82 -88 97 -11 19 -59 -15 -48 52 -26 97 5 80 96 -69 -84 -78 -78 41 93 63 -34 30 63 -33 74 -33 -71 67 
35
-1 77 -42 33 46 39 4 -41 -6 -33 -36 60 93 52 37 70 -44 -69 -59 80 -89 31 90 12 -14 67 5 -82 -38 44 -45 -37 51 -24 61 
50
-28 97 -93 -30 -5 74 57 22 6 100 44 98 -95 -67 -92 -74 -76 -51 88 97 31 53 -33 -72 -92 -28 -93 91 -2 -70 -55 82 37 -48 -7 55 -21 -57 27 -96 100 47 81 5 44 -39 5 34 97 -73 
17
-25 -16 -69 31 -79 -95 20 19 -35 35 62 42 -50 -29 -46 82 -27 
43
41 -29 12 85 -53 -19 46 -95 -24 -34 -81 -35 96 -46 59 98 -30 43 33 79 -69 -22 -98 -65 2 23 38 12 30 91 2 68 -41 -84 -72 20 58 9 60 57 -87 16 16 
2
-21 -47 
6
-73 -17 43 31 38 33 
98
-72 0 8 -23 -66 88 50 -14 28 44 91 -68 45 -2 -12 51 31 75 -86 -94 -39 -75 -63 -65 -5 -83 -36 75 38 -55 39 -86 79 22 -87 -51 51 -69 24 31 34 12 94 45 21 64 -62 66 7 -41 -34 -48 81 -4 -76 -51 90 -72 39 -89 65 -34 34 33 -99 -89 17 -60 -74 -30 57 -48 88 -93 23 21 3 -49 83 27 72 4 48 8 55 -13 14 -41 -3 -25 38 -50 48 66 71 55 3 -23 
47
-58 -10 75 -45 96 -61 -94 77 8 86 43 23 -94 -7 -71 -83 -70 94 -25 -2 76 -3 91 68 -3 -9 20 -8 87 -92 -18 85 19 -60 -10 -82 14 8 23 49 -19 23 -20 96 -39 -67 79 
95
31 -46 -16 -20 49 -26 84 -50 -95 22 -72 77 8 42 20 92 42 68 -39 7 -37 -63 84 -80 58 60 -34 65 -2 39 56 73 -51 -70 53 -87 67 25 21 -99 -67 -23 -78 -3 -67 51 -39 11 38 -5 82 60 1 -35 57 -43 24 79 -88 93 58 -36 21 -4 8 76 -88 50 -58 -19 20 -46 -55 3 -79 46 98 28 -18 25 15 -15 40 53 71 83 -76 98 25 48 -67 -96 -42 5 -35 
