5
30 33
27 6
29 7
27 6
29 7
6 7
1 29
12 20
18 22
16 15
12 14
10 13
2 14
17 13
18 21
16 28
17 20
28 5
2 12
20 15
28 14
2 21
26 3
19 3
8 25
25 11
24 25
8 23
24 11
19 30
8 30
24 25
9 4
9 30
50 0
100 104
83 71
83 22
72 25
96 26
90 46
81 44
49 42
50 68
33 7
64 13
84 29
47 79
49 37
66 5
26 85
90 60
96 39
9 55
66 68
67 99
3 38
88 73
36 95
16 40
17 69
32 54
98 94
99 13
75 12
48 69
98 76
91 20
24 10
27 51
52 61
40 45
37 7
55 47
82 20
25 93
80 79
2 53
88 89
8 87
24 18
2 86
35 23
56 70
1 5
19 54
74 69
65 30
77 15
28 6
83 22
57 53
81 36
28 22
27 52
32 62
56 70
8 70
73 41
84 70
42 79
64 43
97 58
77 23
59 14
57 18
4 62
84 13
35 63
99 21
1 10
34 11
8 95
27 30
97 83
73 74
67 3
100 92
74 76
59 78
40 26
12 31
40 65
97 71
42 34
12 31
84 93
69 14
60 68
92 15
58 31
51 30
65 90
84 68
54 46
74 71
91 100
33 51
91 60
40 83
150 30
9 132
144 10
121 15
123 20
21 143
24 133
148 29
32 147
129 36
137 43
48 130
50 125
128 54
58 140
145 60
126 63
65 149
138 71
72 142
74 150
136 76
81 122
82 139
97 134
98 141
131 102
106 135
124 109
112 127
146 114
200 115
1 117
184 187
184 140
184 180
2 180
184 187
2 187
184 187
187 134
3 164
3 156
107 4
197 7
10 116
186 12
12 158
194 158
114 171
114 15
17 199
17 199
17 101
105 19
105 139
112 23
166 23
196 23
178 179
24 178
145 147
25 147
26 133
27 198
129 29
173 30
32 102
33 190
33 123
34 143
200 149
149 143
152 168
168 39
176 40
104 42
43 157
157 191
45 151
177 47
192 48
48 146
48 146
48 192
48 126
49 172
49 172
49 172
49 135
50 188
50 188
50 188
50 103
51 155
185 155
185 51
185 155
137 51
109 54
150 55
136 150
128 58
165 183
59 165
59 183
120 165
165 182
154 60
154 60
154 122
61 175
108 62
162 170
170 68
174 159
174 159
68 159
161 118
161 69
113 70
169 74
75 110
110 142
195 76
163 111
163 77
78 119
153 79
131 148
80 131
80 193
81 124
138 82
130 83
160 106
106 85
89 189
91 181
144 141
93 141
127 167
167 95
121 99
121 125
115 100
115 132
