20

434361
9921812

4101753
6922518
9064390
368085
4427627
3357772
4947068
6594957
8449856
172163
2385148
8935435

6118278
5180328
3846566
5646618
482706
4494758
9968319
8246655
5652999
8111111
7462539

9891417
3886271
3449346

4115317

7527199
8337299
2649069
7582941
725533

6784732
1866494
6992950
4761163
7945037
3813127

7778079
8973824
8379160
7036527

9493188
1221254
5837152
218133
4865640


7121534

3223829

4751826
2533365
1515680
9262919
4087267
3058843
2214067
9321234
7861345

5995254
7834125


5611952

3074826
1596615

4172867
45524
8537255
698008
6896445
2178241
8054453

5612668
2688119
8380316
4731789
5992343
7707738
3449727
513433
8066112
9846377
2677670
884462
9855637

1646811
528420
3423051
8730923
6266356
5146225
666454
9282848
5263400
6583875
8172128
7091568
8144540
190327

6149829
2686763
1069738
5121079
4073944

3106332

7893122
9242344
2010718

8043121
6129597
3964511
7541047
8017639
6472296
2029837
5059946

616617
6936392
2518333
2367726

8885711
8429735

3272918

1832683
983662

5737781
8905525
6448278
7986307
1012931
4346843
9320168
3982062
6074628
1180321
6935440
5214659
5514587

7917947
3333157
4732907

1739032

1126137
4963398
4158360
6442404
884100
1337037
4655395
8068694
7546772
798423
2928550
9498265

2834635
6843402

4993481
7409978
5011713
3095411
1318718
7633397
2515114
5377623

531943
995498
2495692
4309590
2257028
9214563
5418000
5165756


3457742

7479477
936441
5264197
6412193
1144388
2010153


967628
1866427
3874216
948769
9208151
3745833



7594383
7546000
6717956

4404992
8135533
861078
3478234
8142526
5107504
3508625
3652018
7001853
9464944
3915606

1934079

2559035
8150051
8397940
3880150
6037448
3539258

1684837

397476
1799261

2557936



1758856
7796754
5983664
1164805
4598885
6560420
9720840
9627640
8138117
9223547
702943
3958739
6202457
5182062
4770034

3928012
9583518
8224066
236360

6648061
7348113

9905258
2979147


8073589
2909653
16696

1402473
9666333
7937881
3024948
4688433
9432315
190929
6552894
314476

8724522
3339392
3589047

4791929
8043986
6443240
5406726
3309253
666088
6103057
7059538
1767826
5630934
335091
5075242
8785503
7732629
2217849
1562035
5646374
8585418
2312333
6249696
6801493
232598
7432748
8142525
8413469
5193855
9616804
7559998
8322241
1105872

2493505
7425075

4219743
6044500
3042768
5080558
6772016
4784825

9066891
988496
639046
8119585

6921426
6776652
4171786
2617792
715507

1576117
8658989
9520026
7999351
749197
529444
6546833
8324633
748471
3963336
899218
8224870
4044302
7944066
7087296
3964945

5254626
3243947
5008820
2276114
2437971
3316380
2784360
4405042
9447766
1132174
197845
6640143
8375536
2069910
1432105
1918499
3711553
616244


98955
5094848
9244902
7393929
5074246
3449420
1196893
2822561
4763025
3157009
5165968
6999088
5658063
5946052

8385226
5216227
580678
8234377
5345768

9445945

5567373
4588375
5783828
9254030
258678
7937443
1416826
2749742
5034364





5015412
1812900
4143981
179491

3844773

4085547
412239
8947911
1842399

7231402
3800834
4754565
1655181
5471423

5552266
7753481

8396112

9129499
5718323

5019296
7879733
4751647

6805509
9591845
5587760
8941945
2216788
9350588
7683302
8798247
4082135
9609526
8215977
4455827

8629364

4087969
542175
4179683

6513724
2945707
8272865
1072254
6608495

752748
9947619
5527273
2462498

8369877
8349020
7682137
2191185
8581408
7299229
8095933
8124209
729919
854399
7560855
5287942


5758107
7787874
3010251
9052586
7158746
8878939
5188408
490983
9504767
3043679
5759833
2310751
1237665
7896374
2007362
7636902
2804750
3520859
2305249
9616798
4024398
8405081