10000

11586
10076
18758
5493
3
2893
5768

9042
13757


16673
5495
17573
9888
14630

13416
2704
18669
4842
7219
17520
4396
12712
7951
6950
4274
19704
6587
11167
13165
2155
507
1372
10312
5528
17380
13880
7739
4092
14331
19992
2507
1972
2256
17924
17895
13130
969
16427
7197
4424

18928

10116
12174
2524
9292
3981
853
17594

18271
19802
6461
19816
14847
5257
1955
906
1954
15400
18919
13806
708
19418
7060
533
18016
4142
19543
8280
7492

8184
10183
16935
16881
3842
18540
13082
18661
8412
1459
11776
8066
3986
467
14268

9610
12583
10091
6443
11443
4593
10150
14928
3720
14028
17125
11773
3122
10655
16220
12679
1799
19401
1663
14511

2303
9656
15039
4736
5872

9326
4210
19197
9310

11213
3949
4940
8328
1775
13938
4002
16055
3435
12614
5527
17370
15772
17991
15770
933
2318

15334
9111
1907
19380
7978
16032
1250
13319
13951
18533
495


16976
13937
6513
13747
18205

13123
1182
19424
19199
15766
18368
6820
10065
16000
7180
12933
5570
19509
18208
1745
7634
1640
3504
2341
9699
14572
12283
9122
2595
8118
15261
5799
19371
11712
9590
15075
16613
12862
19490
6851
17639
3912
2880
18410
8389
9811
3225
11005

4574
5633
3057
6236
3444
12839
10008
8215
14641
5427
19094
8223
17094
3932
19752
12605
5346
17871
2299
7921

1681
5505
11482
7418
4825


11796
18446
16240
7431
6381
10045
1010
10773
3017
9863
14264
9994
19213
5202
15768
10921
3157
12623
6954
14059
16558
4443
7759
17167
9403
13087
1153
4275
12055
14984
9443
12322

6876