39 7121
2286 5
977 2
1781 4
1615 4
1341 1
2958 2
2260 1
569 1
1394 4
522 1
2562 1
1919 1
587 5
707 4
1581 3
2639 1
851 1
1218 5
305 3
442 4
1958 5
2859 2
1925 1
344 2
1875 5
1432 5
883 4
1685 4
2521 5
1004 2
1047 2
491 5
1132 1
1998 3
368 5
821 5
1516 1
1961 5
787 3
49 1967
2072 5
2666 1
2068 2
2355 4
1909 3
1646 3
1580 5
618 3
769 2
1744 3
1483 2
448 5
1312 5
2335 5
598 2
2080 4
2767 2
2714 5
786 1
1857 1
450 5
1077 4
848 4
2785 3
1422 2
444 4
1284 1
2243 4
2165 5
1755 1
831 1
2656 1
1015 2
279 2
2641 3
2052 3
1799 3
2595 1
854 5
2767 1
2432 2
2034 5
858 4
2760 3
287 5
264 1
2120 4
1332 4
2140 1
34 2269
2053 4
381 5
662 5
2133 1
1184 5
1849 5
767 4
1781 3
1990 2
873 3
1218 2
2116 1
2234 3
709 4
2686 3
2656 4
2933 4
2853 3
232 4
2259 3
467 4
2908 3
2128 2
344 3
2880 3
1984 4
1689 1
672 4
515 5
520 3
1220 3
784 2
2556 3
617 3
0 0
