100
84 156 148 8 83 81 -153 164 99 173 73 -41 14 -125 -153 -41 -120 194 -200 -20 82 64 -98 55 63 24 138 -124 -66 14 56 -19 -114 9 -82 -136 20 -68 87 192 -71 -35 102 87 191 -92 -164 -39 -51 100 -73 -54 -14 92 -18 9 139 62 98 -145 -76 -35 156 31 172 -155 -179 120 -120 184 99 172 -48 112 -133 -52 56 -199 188 -7 -95 -153 -84 -152 80 -167 32 -48 -43 164 -95 140 -169 77 45 -66 -163 -45 92 72
-47 60 132 -35 2 -63 113 -3 -110 -36 -142 -190 -187 -139 -68 56 -188 67 127 114 -61 -44 159 189 -104 91 -166 -68 39 -168 -49 140 107 33 196 -112 116 103 -167 166 3 -33 119 3 32 -151 0 172 -67 120 -115 -20 -183 -143 -123 -19 122 183 -139 41 149 43 82 -164 124 67 68 38 -30 106 -80 185 -27 -126 163 -159 -29 21 -90 104 86 -134 -57 -51 179 119 -198 -108 -77 -185 66 125 -196 175 -65 114 -123 -56 -99 -89
-36 128 74 109 7 99 -146 -86 0 11 -58 -8 -108 93 28 -150 96 111 17 -134 169 45 186 122 138 177 -60 57 -191 148 6 -62 -20 119 66 -82 89 175 -80 -197 -111 -53 -188 -199 162 -77 -159 -103 -95 134 -29 -132 22 109 165 44 -8 92 29 -154 -35 -184 -28 21 -172 -29 -47 90 187 7 -29 -182 -197 -100 18 -148 33 29 86 -98 -5 128 60 46 157 68 -146 -120 56 82 120 98 -38 137 196 -45 -66 -50 -112 -126
167 -33 72 -151 31 -104 -55 -55 186 196 -109 -189 -138 76 111 -64 -130 -167 56 123 56 137 -102 -123 70 99 -84 -62 -41 109 -184 109 159 164 2 33 101 -21 -134 -180 78 -51 -100 -107 -191 163 -161 196 -22 -71 193 81 -14 72 -39 100 -122 28 -10 135 -62 30 133 -28 79 61 20 116 -194 -74 150 -40 70 70 -108 46 128 -65 94 -108 -179 -74 -197 27 51 128 -17 55 -67 181 185 -126 74 98 -188 -61 181 127 49 -179
-178 -78 140 160 62 -1 -56 -188 169 19 11 129 131 -34 58 83 90 -97 -44 197 -164 -167 -148 -154 76 -21 184 138 -38 92 -46 125 175 -160 141 -105 -93 -160 118 170 26 82 35 -94 -66 -138 -86 -156 -48 185 -199 -18 48 -10 -70 -68 156 -162 182 121 -85 -160 -32 -55 3 -200 -115 24 117 -29 -75 -35 -89 -66 -129 119 113 -22 106 -165 98 96 -198 172 -74 187 -20 183 -42 -193 -99 -117 2 83 -22 87 192 -81 120 184
116 -73 62 170 155 -139 -58 146 -196 -29 190 24 -126 31 190 128 -136 14 -140 -116 -171 48 -190 100 189 179 88 33 -168 -156 15 -2 90 167 112 -163 -40 -66 -53 -65 -135 3 -38 -118 -105 22 -30 5 4 -90 -196 136 131 -110 156 -76 44 -22 -194 -59 -1 -25 -128 105 193 194 84 112 26 103 -118 170 20 -102 170 132 -185 125 174 -74 -195 -45 -10 87 -55 -162 -139 23 42 38 189 -115 82 -143 161 -181 -96 120 -171 86
125 -147 -145 75 182 -114 -181 46 -29 -119 -71 -142 154 1 140 72 -188 24 83 145 117 98 1 -78 -35 56 -91 -184 90 -58 -125 -19 77 96 -155 -166 129 -72 5 54 182 72 -40 132 50 -169 -116 -85 73 -151 136 167 68 -194 -65 -145 -48 171 -77 87 -137 -77 -52 -47 -15 -80 41 36 -10 107 -194 11 189 138 34 -29 57 -56 63 57 -13 -79 26 -92 191 -65 -3 42 -170 126 -197 133 149 180 80 -111 -95 165 -144 -107
29 -149 121 -139 -187 -191 142 -102 194 76 -22 162 140 200 29 44 107 -147 26 -17 185 -191 -199 -151 67 -15 -161 2 183 -141 -29 -123 -2 27 64 -45 64 1 -65 -75 26 68 -121 53 38 66 -97 -77 99 154 63 -191 52 -32 62 121 66 128 53 58 -138 -116 -80 -60 44 11 11 -162 125 -85 -186 53 129 -133 99 -119 -19 -124 -178 127 -41 3 -200 25 14 121 -100 39 193 -65 -193 -92 170 98 49 -148 -87 73 51 108
179 157 82 -143 130 -26 -150 116 59 -48 -145 -145 -89 -81 91 -90 -183 -95 -58 -169 168 35 83 109 -184 -10 -79 70 -33 -197 100 -155 -2 -153 -17 140 110 -90 -191 161 -67 157 -192 93 -176 68 -37 152 -165 153 43 55 -63 110 114 -103 -118 132 -123 -16 -63 169 -187 193 33 -109 179 -77 0 169 152 79 -61 -138 -199 30 136 -119 24 25 115 188 -122 19 -71 -59 101 181 168 -179 53 147 161 -167 67 170 -187 125 140 -188
-153 -34 7 -21 121 -84 -25 -180 185 104 0 25 -6 -36 -89 149 -40 -186 49 -103 84 -55 -192 46 85 -111 -177 111 -194 -121 131 122 193 -11 162 96 163 -38 -161 -116 185 -164 -163 -144 151 129 -46 -19 -90 196 -165 -70 -56 73 -175 -29 -106 -91 196 148 192 93 66 -93 105 86 161 34 59 -192 -106 39 180 164 -64 -108 157 -63 -124 -161 25 65 -46 -199 120 187 -101 120 -27 -188 17 169 -35 83 102 106 -11 -47 -131 -45
110 -96 178 138 -141 -143 78 -72 -183 135 -133 138 2 113 -169 24 20 -173 -127 -142 -57 -123 -40 78 123 -96 59 -36 8 -122 -54 -174 54 129 128 -38 -183 156 -112 -50 -117 19 -124 58 -125 -53 -197 -6 -73 117 133 -68 80 -71 -85 -170 155 -152 -181 16 112 82 -7 -130 16 -67 172 1 57 -35 -63 84 1 172 184 -160 6 -30 -30 -74 -120 -9 34 88 -185 7 113 -165 79 175 75 198 55 -172 131 -110 184 73 64 -30
-176 146 -180 126 171 -73 149 15 104 150 16 -126 91 123 106 28 32 -163 186 18 -53 107 -134 167 57 103 195 196 194 -117 17 180 -86 -53 -65 -125 37 -99 41 -83 -124 -107 -157 -4 189 160 -117 21 -165 64 73 -32 39 -142 145 -169 56 -160 33 7 115 -96 89 44 73 -192 -75 99 52 -51 -74 -120 142 120 123 182 -78 146 -200 200 -71 86 -17 165 -39 46 3 37 106 87 176 -24 -1 -172 1 80 78 40 -186 131
-50 -23 79 -139 -181 180 149 69 103 -167 -157 49 -172 168 -129 -45 91 -119 -32 -177 60 -27 195 171 196 146 -105 -193 194 -119 -31 -16 -115 -177 -177 -158 48 61 32 -110 114 102 -64 -82 96 -152 126 -75 -48 -43 -149 183 24 -24 -99 -143 163 -53 -115 53 12 84 24 -5 -160 -115 -137 37 170 171 -52 114 -93 27 -58 -136 -171 -112 -110 187 68 -103 118 20 140 158 -59 -19 -189 137 92 -27 -98 162 107 -133 -94 162 -2 -186
-61 59 -46 -27 156 -90 132 -165 103 -107 76 -104 154 -137 -29 114 -55 -139 -155 -196 -151 -125 128 -27 111 -94 -126 -121 -103 -132 -171 181 29 114 -87 116 -156 -38 94 107 77 -109 -153 -35 -139 70 146 -47 13 106 150 150 0 -194 -126 173 -56 60 32 -189 76 17 35 192 71 25 -64 188 77 -35 -7 143 97 -200 -109 -125 78 193 42 -42 168 -132 -107 -85 -74 -28 -185 -37 -49 -84 -64 129 175 69 176 -127 -111 63 -196 155
84 -80 -122 -57 -65 33 144 124 52 134 -123 148 -27 -44 -187 -35 -146 -90 -23 2 111 -17 -152 124 -37 -76 -171 -115 -186 -60 152 -133 -70 -91 -111 -157 115 117 86 -190 84 -97 177 45 112 49 81 -153 67 -55 144 114 -24 -17 -161 -6 184 -194 -23 130 -31 0 -71 83 61 -124 -64 61 51 26 177 178 29 -54 -111 154 -199 53 -25 18 16 -123 186 59 -7 78 -167 -149 112 -121 -57 40 69 -33 149 167 14 190 -119 -61
11 -132 68 78 -127 59 72 -120 -95 -41 82 -61 168 -19 127 70 -87 68 -137 125 200 -8 57 -161 -12 -133 102 -185 -50 -134 -199 66 -86 -25 -2 -144 126 -156 -76 115 -23 45 -174 -83 127 -163 84 -128 -81 -10 83 -20 182 -103 -20 140 -111 -116 -129 -184 149 -180 106 175 -58 -182 148 -1 125 -64 177 -172 140 90 -27 -23 -110 67 6 -106 -18 158 -111 110 106 109 -187 -154 -34 140 -105 -65 149 -182 -153 33 -8 199 42 -195
196 -35 190 -76 29 -191 126 128 -171 -64 -14 -157 -15 159 186 1 -53 -185 -148 74 51 41 3 -69 24 157 -171 -51 -57 37 -120 -24 52 139 -50 -143 -178 -17 -54 -142 -92 171 -115 -15 -30 89 92 172 -82 35 -49 193 91 -50 -42 -47 117 -37 42 -139 -128 -130 29 158 138 110 -5 -145 139 -90 121 -160 153 -56 -7 -94 -21 136 44 -115 -127 -31 163 -26 161 40 158 -55 -102 -138 -44 -126 26 26 197 2 169 159 32 -181
-125 -22 -34 188 -6 127 69 -48 94 -178 32 -124 189 -93 110 179 122 -110 -7 55 -27 -81 128 -162 89 161 11 -33 84 104 -114 96 88 -3 -101 61 -113 51 -31 108 -185 188 -182 -84 -58 -100 -86 -15 -8 199 10 31 189 74 -4 69 116 94 -148 -156 -127 8 120 -126 181 -156 134 50 5 100 -79 -127 -37 -61 -144 -121 -91 -188 -62 -31 -3 -190 25 -145 -180 -63 -121 -137 -65 -80 -21 -131 -121 12 -182 14 -7 19 -14 -110
55 45 -64 -27 0 -31 197 23 -87 96 66 0 147 37 98 35 94 -27 -187 182 -110 141 158 -76 138 -108 13 -5 196 -107 -185 110 -66 24 -21 -122 -14 74 22 -1 -60 92 8 -160 -145 119 -188 -123 -199 61 48 -188 -34 -21 -41 136 103 -99 181 102 113 -80 63 100 189 -57 -196 117 93 -148 -150 30 181 -179 49 -44 200 -24 -134 -14 41 -128 -102 -14 -129 196 50 -61 166 47 -2 99 126 -53 -37 98 -135 -112 -193 -89
101 30 -16 200 143 21 3 -68 102 144 35 170 11 109 -89 -120 -124 113 -119 129 -68 -167 8 -40 21 -119 -99 62 172 -14 -7 45 -165 19 135 -47 -131 101 -28 198 142 -51 -143 59 143 173 26 -45 128 -15 -122 -101 -81 77 -171 -165 -180 -52 20 195 -66 2 126 68 -92 -59 50 -43 -121 -152 13 112 -67 -69 67 9 24 -51 -183 151 101 154 25 -73 124 -125 -16 -43 144 118 -104 71 -53 -69 -21 180 149 -153 22 1
0 131 -16 -53 -17 -150 53 -166 -183 -139 122 -11 8 -163 177 -180 148 124 -171 126 65 135 144 41 67 -151 -11 120 85 171 -172 -183 -113 -61 -163 33 89 61 82 123 116 162 156 116 -84 124 10 -199 61 50 -192 6 133 14 119 98 -36 -103 121 -197 -42 -61 -87 -44 -74 -20 59 191 65 -54 9 -61 -62 -59 171 30 2 -43 171 97 -147 15 -156 -194 -84 -108 175 -112 -125 10 -20 9 -33 -136 175 65 27 -109 15 -96
21 -46 -84 43 128 -71 -107 53 189 28 -136 -131 8 15 -134 152 -178 184 71 -53 -141 17 196 57 26 132 -73 -119 22 38 193 196 -152 -15 153 -39 13 -58 -155 110 -199 -44 95 -169 -153 21 84 -144 118 70 10 168 173 -29 -92 4 180 51 -135 102 -179 46 -42 112 79 173 200 45 103 -181 -184 -197 89 -135 200 111 197 -39 128 125 167 -23 -162 -22 58 -87 173 -154 -171 -101 -148 -6 166 68 34 -53 28 145 -191 -29
123 107 -125 102 -185 151 -120 -144 3 176 -168 -187 24 40 -48 45 74 -4 49 155 -117 40 36 77 81 -67 -163 -3 -41 79 9 97 -7 2 -158 57 -4 -16 142 -199 5 -47 155 74 -160 -34 131 88 -179 -189 32 19 -33 2 -126 -157 -59 -85 34 2 -10 -46 -143 -174 136 -89 29 3 184 138 -191 161 -143 89 -113 -161 -5 -61 -124 156 79 194 -90 -172 -41 -22 -146 40 -117 48 -188 37 -104 100 138 -169 130 -29 -116 -78
54 100 -85 -28 34 77 33 54 135 138 162 181 129 -163 182 124 172 -9 5 65 177 196 -142 -87 68 -70 127 0 -40 158 31 34 48 -48 189 128 73 177 17 -145 -150 -46 -30 28 -75 15 138 -141 -66 168 -25 -80 153 93 -130 -54 123 150 3 154 140 -118 114 -86 148 -179 -43 -70 124 161 125 -6 -85 -184 -3 54 -108 130 -60 165 136 56 9 102 -83 178 -195 -138 -52 -34 -194 -124 -191 33 179 -75 -52 83 19 168
-40 143 -108 -22 -73 23 -180 -126 -149 -67 -93 -84 165 -50 68 -65 -151 -68 -192 90 -197 -147 -176 54 99 -34 4 -134 -158 175 -172 -46 -136 -1 -106 -197 157 -180 -153 93 -171 -81 -52 166 -165 156 153 39 97 30 22 -96 14 113 -176 -196 146 -182 29 -200 118 63 -115 -32 178 35 21 -12 42 -81 96 165 -188 -13 -112 133 9 47 73 -45 -19 126 97 -93 -88 121 -89 -176 113 63 34 -89 59 189 8 51 -33 34 -168 -11
49 82 8 -60 130 -26 -170 29 -200 26 131 34 78 -6 109 -57 -200 32 -176 191 -21 66 107 17 -12 -176 -200 -146 -99 37 -161 70 92 171 115 -88 10 -87 -148 -183 -75 166 -88 4 53 -133 183 -9 -73 138 135 -134 140 10 -111 -86 169 -198 84 73 196 113 72 14 45 94 -47 -137 -66 15 106 55 -191 158 47 -131 24 148 171 -134 148 86 125 -15 82 166 39 -3 -95 -24 -96 -70 63 -178 58 -66 -120 176 72 -27
-9 19 47 100 -72 -194 -183 -183 -163 6 -62 -18 -83 126 194 180 -11 180 179 67 -125 -63 103 133 -41 -82 190 35 181 -122 112 194 -133 -31 73 -195 -193 -198 182 -58 -138 62 59 -118 143 101 -9 -29 127 -101 52 199 -49 -151 -154 -73 -116 -74 -32 -67 -7 77 -131 1 -29 195 -22 6 46 -78 50 -173 -172 81 -167 27 -66 160 69 -47 110 187 150 112 70 29 -100 154 76 -152 146 72 -99 93 -185 157 -50 126 146 77
-145 94 109 -177 92 78 33 107 -67 109 -92 99 -142 -133 81 145 -7 -127 -176 64 13 -45 -26 124 40 -107 -186 -106 34 -44 -130 -51 54 175 -152 36 3 158 -161 82 199 -13 -63 -18 -26 -125 2 -65 33 -74 100 92 79 163 -188 26 -177 121 -42 133 12 160 -45 1 73 -199 127 123 118 9 81 145 -4 -38 107 -145 37 -75 42 -125 -176 -122 -6 -149 -120 -57 -171 60 -111 -180 100 171 71 -31 -156 8 -68 44 38 190
-99 -74 85 132 188 75 179 18 40 64 -57 104 -47 -144 -100 -10 -197 -164 -125 141 109 92 72 -120 -93 -81 172 165 114 -89 -190 57 57 -128 104 111 161 -68 -151 135 -37 -126 -26 -69 -161 67 44 -74 23 -8 31 -171 -193 145 -145 -150 167 -23 -30 -66 142 -191 98 30 -141 -121 188 152 -55 142 173 165 134 -54 -123 86 -70 86 42 -68 41 -96 132 6 160 -117 -148 -23 74 -155 85 95 116 -45 77 -97 132 -4 -82 -105
-94 94 -51 -18 31 189 -45 110 -73 41 -34 183 65 -85 37 -118 69 196 -79 75 -79 -100 -128 -132 12 -78 -81 11 48 0 3 -105 -11 -54 194 85 -49 56 -186 60 126 -117 -127 157 54 -162 16 -25 -23 63 82 -192 -80 35 16 -109 -54 -108 50 86 169 77 88 171 43 155 8 50 157 -11 163 77 10 16 65 73 66 125 -70 3 -189 86 -107 -150 -45 -44 -192 -164 -144 31 -52 114 114 -8 -123 23 61 -165 -104 -184
94 -130 154 -96 -9 82 -1 -3 81 -50 -14 -9 -84 134 -2 145 67 31 -41 46 63 -62 68 -10 78 -128 -200 190 -162 92 100 -156 -9 37 135 -191 42 53 55 -75 -112 124 -56 41 -143 -179 199 -156 165 -60 109 56 -198 94 -50 -176 -142 -183 -191 71 -199 52 43 -133 68 -42 -14 -33 -166 142 -47 198 -181 142 92 130 -3 29 75 -189 195 94 -43 200 -83 83 -10 -146 -83 -137 -63 200 39 -127 51 97 -198 -160 43 -168
-136 -40 26 125 194 -80 60 -74 -61 127 197 158 -38 -44 -195 185 -180 79 -83 136 56 49 -122 -57 -127 -126 -21 155 41 -65 39 90 -166 -110 -193 60 30 151 59 -24 79 3 -187 -14 131 195 -183 -193 130 -105 -185 155 -67 62 -178 13 169 43 -187 -119 102 84 131 150 168 110 71 152 -13 -22 -78 127 108 25 170 -4 185 -111 141 -71 -52 -35 188 -169 119 -67 80 -143 -132 -51 -187 -47 -63 49 135 -60 -118 19 148 46
-70 -127 140 175 105 117 -34 -79 -55 23 -33 -14 41 58 -95 -55 -177 -172 -144 17 69 -52 -126 -144 197 -148 -92 -57 84 -193 -145 69 -104 15 -97 107 -136 130 143 113 191 114 -165 197 -32 5 -60 151 154 157 -188 -78 78 157 -111 173 -190 -11 -7 146 146 84 -101 -16 185 -7 27 124 -175 136 -85 64 19 -130 -106 96 86 2 -69 84 -4 49 -189 -168 21 51 190 166 107 -14 17 -66 -66 -174 149 -41 62 -130 -15 -67
-67 -34 -164 154 40 164 116 9 6 134 106 63 -41 110 -144 -160 -83 -67 126 -27 133 89 -192 -47 -100 -157 59 -183 -162 145 -109 19 -185 -128 156 -102 98 -197 115 -69 31 5 157 -149 -190 -39 112 107 -129 -98 -30 174 134 18 59 -114 -46 -76 -111 -168 71 -196 50 47 -169 -120 81 153 -28 -127 -52 192 -167 31 -13 -148 -104 118 -129 115 -102 177 48 56 15 40 -171 53 -147 -105 -172 -20 199 49 -53 185 -92 -46 -192 -124
149 -156 88 -187 -100 53 161 -153 -148 -75 -77 59 139 189 46 25 -157 76 27 -74 56 171 -174 115 135 -198 109 156 -68 -151 -112 -181 67 -66 -14 34 86 136 -115 139 -10 -171 95 199 -144 193 177 -28 197 -39 -123 73 -70 114 141 111 134 168 -80 131 -58 -34 -169 115 -133 143 123 -21 -133 102 -130 -2 186 170 -83 -144 140 -85 148 135 118 59 -104 186 -98 56 94 -52 -113 -66 -16 -96 168 -117 92 -66 -160 183 -15 -73
-76 -135 82 -122 155 169 17 -18 -142 157 139 193 -111 148 176 95 -105 60 -93 -55 -36 -122 -76 -113 135 0 -57 -90 165 -5 199 -34 -76 10 -108 183 39 -84 19 8 16 -172 -144 -193 193 86 -142 3 -199 62 -83 -87 -179 88 99 -103 -109 88 -103 -139 -80 103 -62 -80 71 168 -131 -88 -42 -174 54 -19 163 152 92 -8 -171 181 -165 51 -19 -95 110 129 84 57 -131 -118 95 -46 147 -53 -128 -58 -181 -31 72 -193 -101 -198
-200 -47 -199 8 -170 44 -91 -183 197 -122 6 -113 -162 81 59 155 -187 -149 -82 -101 45 -101 176 -20 187 148 -52 -44 174 -37 -17 2 24 43 -41 107 73 -132 165 11 184 -106 181 -35 43 -21 168 -142 126 -182 113 -43 127 -11 114 -138 192 -156 -192 -155 -11 153 -171 -36 -39 -64 -10 -133 32 -175 -45 -82 -118 153 -163 -91 95 -15 46 -165 -61 26 174 38 -63 146 88 -133 67 -12 93 27 -79 -161 108 197 4 4 -198 35
-42 -134 110 200 135 -132 -60 -155 28 142 -44 -47 168 -152 90 102 52 89 -104 -9 -172 12 77 -24 -2 -127 76 32 -21 148 -92 145 -139 -151 -18 191 -140 -85 -60 -84 9 -163 -94 80 173 172 198 86 -187 -165 -74 -148 110 82 -11 125 -2 -103 -77 -38 120 -29 -75 -101 -159 -167 144 -5 189 -92 -198 75 -147 -198 90 87 184 -3 -134 -85 -130 123 105 102 186 113 -62 150 -32 -48 -91 149 -1 66 143 -144 -18 35 99 99
-100 -64 -81 -117 -163 196 -150 -147 -145 48 48 118 8 6 132 35 162 -183 20 12 28 -118 67 52 -12 111 187 113 -73 186 34 -54 63 -30 -25 28 51 169 150 -139 -131 70 -117 116 -168 -95 -194 135 30 -119 165 139 73 -125 -158 141 194 -16 133 -193 195 -171 -77 -146 184 87 108 -78 146 -120 132 86 191 176 -153 -169 -161 -73 -62 173 -103 -98 -90 85 -61 -25 118 7 122 -133 36 -71 -176 82 119 6 95 -71 -126 120
-124 -37 -107 159 -59 50 -196 55 -176 130 -111 158 -40 165 -78 111 -71 -76 118 -16 148 28 -123 -176 128 79 -16 160 -139 89 -64 -134 151 -145 158 -164 160 -120 -161 1 -49 -49 -153 79 -44 -17 131 16 -66 94 56 -126 175 92 111 -180 126 5 -62 -121 142 176 -33 5 -157 175 91 173 54 -5 143 137 119 162 192 100 46 20 49 -108 -123 -34 -102 35 52 128 -146 23 181 193 -8 27 122 -153 6 63 173 17 -127 -9
151 54 141 168 119 -97 196 192 35 38 151 -194 154 -38 46 -185 167 -197 -43 96 172 -62 179 32 -178 -67 -79 -173 -37 -136 99 -43 -25 28 -43 83 182 43 132 81 -101 59 -101 -106 145 44 -99 106 -169 -74 71 145 -95 59 -76 149 70 -11 -118 -153 -160 -28 142 35 -112 -46 -97 181 -120 -71 -60 174 -162 -55 98 -153 53 118 17 -36 -90 64 -107 -88 110 -52 69 117 143 -74 -114 144 -42 3 147 -187 -16 -52 -14 -143
-52 -31 137 -2 -191 191 -61 -22 -4 145 33 -8 -120 105 -105 184 -155 50 -133 80 -136 -76 3 -17 -83 -101 -89 96 98 69 -179 -183 71 -56 -38 56 -2 35 48 141 196 -6 10 -63 -10 -113 -152 -193 -34 95 95 -81 194 37 -15 -85 -41 90 48 -43 -49 -62 -170 125 -24 -74 -146 51 173 73 -52 -198 -149 29 182 159 13 108 -77 -46 -94 131 76 -72 115 93 41 128 136 -11 13 147 31 149 101 -13 9 -7 60 142
35 30 -132 -112 -158 77 -76 -77 -12 -166 -99 197 -172 167 -62 145 156 -157 31 -153 9 -128 181 -162 -83 -174 12 135 -196 88 -152 -88 14 -2 176 164 67 167 -184 198 86 152 151 83 19 47 70 127 111 4 123 -145 6 125 -71 189 86 -66 -104 -46 -73 -177 -70 -83 69 -192 131 -86 183 -193 -135 192 83 -194 57 88 132 -99 -112 -156 103 195 126 90 -172 132 93 84 145 -19 179 67 6 165 74 106 138 -141 46 131
-134 16 -189 60 -113 74 96 -132 -106 -110 158 116 29 -43 60 174 62 93 26 -93 107 -88 169 67 2 -26 -16 -200 115 -186 -54 190 41 142 -83 -91 -57 -137 -145 -1 15 -139 -13 -124 -35 -121 -68 -56 -31 97 -27 188 183 -148 -163 -163 -149 13 128 -46 103 -184 -131 61 -192 -37 147 -36 31 -104 -175 159 -38 -153 85 -37 195 -104 163 -108 169 161 -50 72 -94 156 108 -46 16 -121 -197 -41 -61 193 -191 31 -200 -2 -134 181
198 195 21 -126 -89 -56 -63 -46 106 -29 -196 -88 4 -194 134 125 -144 175 43 -90 -168 -35 -197 129 195 -123 72 76 41 -38 -90 92 -68 -73 -161 91 113 184 -71 -124 149 -34 64 48 -61 88 -15 19 -50 136 -49 -23 109 150 158 -33 161 14 187 40 147 -2 -157 174 91 129 -96 15 -136 -73 -159 -31 33 55 151 -195 174 -137 104 -63 -198 -68 -160 -47 103 -186 96 7 -148 103 -16 -47 43 -90 -6 -125 -75 -118 -89 85
-30 -200 -168 -191 -168 -140 89 88 -67 183 -194 108 -3 -105 -196 -173 129 -15 51 177 128 -8 173 -57 104 73 81 44 61 -141 -97 24 196 167 -1 14 -52 -129 33 147 -5 -179 137 30 199 -142 68 122 30 52 -48 148 106 39 -33 112 148 -91 110 54 -47 25 -116 38 -100 -140 155 113 167 -131 167 -161 -100 -63 118 97 155 -99 172 -193 -65 -38 79 -179 146 -80 139 -24 -179 -93 -41 40 -15 -55 -183 138 123 109 -17 32
-58 -115 -75 34 163 150 -199 164 -45 -91 -43 -56 120 110 -149 103 81 -148 24 -24 -200 -156 84 -167 195 47 -47 120 -60 -178 -106 -194 177 71 29 20 19 195 114 -79 114 159 -15 192 99 -76 95 -13 -48 85 105 -18 17 101 -16 200 -30 -15 153 105 -143 -30 83 41 -49 -195 -113 -74 -73 187 -43 -29 6 -45 48 198 177 -49 -135 -51 16 93 -120 110 185 81 -142 31 197 187 152 60 130 -67 -200 -137 53 78 -64 181
0 27 -41 -33 54 -188 36 105 169 -189 -160 -147 -18 199 45 -71 150 -20 166 125 94 142 15 102 102 114 160 -200 166 -63 15 94 109 -60 33 79 -77 41 120 -77 65 -4 159 -185 -11 34 -36 57 65 -2 175 185 -198 -4 -58 157 -143 -123 -162 100 -21 93 -29 53 -174 106 15 90 -29 -142 7 -118 56 137 186 166 -172 32 35 116 115 -97 -163 -169 -153 -177 198 118 141 -24 -3 9 -26 -29 -108 -22 -70 174 -197 92
-163 -32 175 144 161 44 -92 -107 -149 123 24 52 -10 117 -161 58 31 -76 -118 80 -184 -112 -45 -129 19 -58 53 199 134 71 163 44 -89 67 -184 165 -54 -141 -133 -116 100 38 98 -160 -157 25 -168 -149 -180 149 150 -92 -127 -77 179 -61 187 183 -193 177 -145 -22 -19 160 -55 -101 181 39 -83 -165 -88 -65 110 48 -187 -61 179 98 -76 -91 -184 80 -140 194 15 94 -155 -188 19 -39 46 -38 148 -21 -89 -71 3 -46 -71 -143
-48 73 22 139 9 -107 196 57 133 -32 82 -169 -122 120 -169 137 159 -115 -62 -77 -79 70 -175 -93 70 -2 21 -29 -11 -77 54 45 98 182 -4 109 39 -127 172 -13 3 157 -20 -113 -147 -40 148 -123 152 145 -183 -185 9 -109 -94 37 -136 -135 118 170 58 -116 18 -90 -90 -23 -123 -184 32 -5 -119 -185 155 17 130 144 37 -197 112 -96 104 -37 -132 -56 33 -140 -65 55 127 172 -91 190 -154 -69 -164 100 -120 -115 102 30
151 -45 -129 118 -81 17 22 186 -117 32 170 117 -36 57 56 -24 -43 -196 173 50 -75 158 17 150 47 -57 -63 -22 -62 -132 -162 -43 -102 -186 -179 47 10 8 197 106 32 -80 60 -173 200 -137 -160 -120 133 -49 186 -120 39 -186 185 186 193 -155 48 -192 -83 -86 -156 105 -105 35 -153 -104 199 -172 164 46 -98 -38 162 -38 85 -21 -94 -94 173 186 79 -66 13 3 96 40 -26 -110 -108 -70 106 190 145 131 -79 -168 -146 -89
-125 24 -200 -133 66 186 -65 -165 -76 -125 -103 26 -16 -200 40 -121 1 -107 -183 -184 -120 -39 159 -51 -10 -107 -28 -158 13 5 -15 96 120 -133 -148 181 -13 -128 123 -181 -170 19 -67 -163 139 199 77 -168 163 -107 197 -85 25 -41 0 -143 111 134 107 179 114 147 -73 82 118 4 50 -19 -20 137 26 -103 -190 33 192 -49 -62 -187 -11 60 -194 -101 28 -129 109 176 -9 -60 -43 -2 -123 -41 144 157 27 200 -34 -33 -147 -44
154 193 -6 -158 -159 5 120 -90 -37 32 -21 183 -193 39 -79 180 128 76 17 -64 101 80 -69 5 137 117 -197 -124 -78 -102 -37 69 150 53 180 148 41 -11 50 -29 122 -43 -87 -183 -60 -8 -136 70 10 119 -181 86 132 -37 -7 -50 -112 -93 45 -63 -134 140 -84 -164 139 115 84 -66 -193 -76 -128 74 -48 -69 -152 -17 -5 -23 -100 -59 -64 -175 -89 26 -30 30 -79 192 -199 -49 -36 35 -29 180 -144 71 -97 -108 -93 79
132 -116 -13 -15 -109 199 -97 -68 17 132 -40 121 88 -167 -149 -23 83 12 191 25 29 158 10 176 36 163 -98 -15 -107 41 165 80 134 64 -69 69 -52 -45 -28 -159 145 -135 128 -177 -96 34 91 62 -53 41 180 40 178 -151 43 -94 174 172 -170 179 200 63 194 -79 152 -20 146 -179 -37 -156 125 -117 -66 139 -144 -173 37 -194 -127 -165 -50 42 -177 191 17 -46 -63 170 -19 -154 111 115 -77 -127 -52 -78 119 27 -181 -73
16 -109 84 166 -185 51 -107 147 -13 -176 65 17 -105 -139 40 -14 -199 179 -87 -69 -10 -42 87 45 11 -160 76 -34 79 -118 102 -149 200 138 -51 196 -64 29 -167 120 -51 4 -82 140 70 -4 143 186 -139 -59 -74 -128 -136 -54 -80 -112 93 -5 90 -178 76 195 52 -49 -42 196 -132 -183 -199 -75 -127 30 -19 195 -147 -69 53 22 -161 -60 -101 -23 -144 -144 133 -187 170 -90 -137 -200 119 -121 115 -161 40 -8 70 155 182 92
-14 81 -36 149 -1 43 -22 1 -51 -150 114 118 53 -152 -195 -172 69 -166 -197 150 192 123 66 -178 -35 43 159 -64 155 13 -77 23 88 -85 8 70 -96 132 133 -97 44 8 150 99 169 -15 99 31 -171 -20 39 -96 -166 -189 63 -13 -75 6 -127 177 -69 -89 25 -115 58 92 -9 -180 -20 -24 84 29 4 130 132 147 105 -16 81 174 -171 122 -168 -41 158 -41 2 28 80 -52 -5 -80 -193 82 -176 171 -46 -2 -183 -95
-175 38 2 135 12 188 -194 165 -153 -26 125 189 -159 -80 -103 -180 92 -139 -15 -126 -29 5 -76 -61 -188 70 -182 176 161 120 -87 131 30 48 -138 -17 -77 -70 -187 128 -194 133 -175 -21 -112 84 129 -108 -30 1 57 -13 99 55 26 183 -137 13 -58 -135 89 -151 9 68 -146 -118 159 162 196 41 180 192 -143 -143 68 101 200 -120 27 -167 -44 86 -130 169 50 109 109 97 127 45 -44 11 -194 -193 -196 -15 60 -75 6 -111
-64 -118 -180 -23 -188 -168 8 -8 77 -17 152 -44 146 154 -87 -51 -56 44 147 166 -182 -33 98 -99 -29 -47 -82 9 -185 102 89 -162 -45 102 138 74 136 87 -113 -99 49 3 149 -174 -165 62 155 -179 55 87 6 158 -152 -1 -59 -153 -43 55 -51 -56 188 184 -187 44 43 0 -12 -149 39 -109 -21 86 23 -164 -56 114 -185 -98 64 -165 -95 -171 -197 45 164 -155 119 -197 76 -142 37 -48 138 50 -139 -9 56 22 -80 148
199 83 -190 47 -37 34 134 -169 -129 -23 188 -63 97 -166 58 104 -5 -111 154 -140 -61 -77 -136 193 73 34 -33 -129 -188 -176 -56 -71 -196 185 173 120 200 156 171 43 117 67 45 150 81 -60 -156 -22 -151 33 195 -21 25 -132 173 100 156 186 -172 -93 64 103 -137 30 -192 -122 -199 44 -156 31 157 -157 138 192 10 -40 179 -114 89 -147 -125 -145 168 -123 100 177 58 134 92 -16 -193 154 125 168 136 -72 -193 90 -135 65
65 56 59 -195 -69 -16 -91 -153 151 14 136 198 80 71 87 141 -160 -71 80 156 118 -187 69 73 -58 190 -48 -98 -58 76 -154 -182 -94 -10 164 -51 -77 70 -148 196 50 -168 108 160 111 45 195 -21 172 107 -184 99 106 -34 165 -29 182 131 145 171 12 41 -196 -56 -103 -130 -91 -61 -196 16 169 11 81 -12 -82 162 33 89 81 -148 -134 -191 95 -37 147 58 42 40 15 6 28 -189 37 -9 15 -156 200 -86 42 66
8 -22 157 -35 10 104 146 -158 -49 -162 157 -27 -7 83 -186 -153 -13 -161 -172 83 71 123 137 58 -60 194 69 -179 184 166 -158 -16 182 -56 60 -115 148 23 -190 -37 76 -153 -6 177 -78 39 126 34 -67 -28 -104 -126 -44 -175 153 -17 -112 -160 109 130 -45 -150 -151 116 58 -89 44 -107 2 29 -37 -116 154 76 120 -39 148 144 78 158 -122 -105 116 -42 -25 72 -9 -54 5 -96 -174 -21 56 -192 6 56 193 -163 -39 171
-13 -124 -40 -149 30 186 -129 170 -54 38 3 -57 42 -25 181 -25 158 -193 -123 63 -71 196 -125 -42 183 -50 112 -155 157 171 135 5 196 133 -15 185 21 -19 -199 51 -7 -59 -98 2 -184 154 39 -146 -111 154 -160 45 -50 -36 70 -9 -175 48 102 -9 125 -15 -92 200 165 -110 152 157 97 143 143 182 200 -45 -65 43 61 -31 8 -30 -61 98 -46 -134 -153 53 77 -93 -74 -141 -16 59 90 66 150 -17 -81 37 -82 34
30 13 5 188 108 113 40 -134 -191 164 60 63 -142 28 -77 117 -142 -197 64 -121 -139 91 -158 -191 -172 -81 95 81 -43 -43 -83 174 -127 191 9 64 -91 83 -65 -1 -11 144 -22 150 -155 -66 5 59 22 26 3 -87 73 54 155 -55 -1 163 -175 138 -75 -24 -129 -98 141 106 13 93 35 -32 -54 -71 137 -34 64 149 -65 -135 -148 -153 -190 -6 -141 -110 -97 -165 -28 160 -138 -152 -184 14 0 -3 92 185 18 108 -24 18
89 115 -148 44 -114 128 -191 32 40 44 144 81 -86 74 5 -169 -94 175 -124 8 107 161 124 100 -96 45 198 -114 143 20 112 175 -41 88 -118 -191 90 10 49 -89 161 178 -146 -122 18 -43 140 175 21 18 -49 -27 145 142 -103 37 89 -102 69 -106 -116 -120 68 93 -126 30 76 -42 139 -89 104 -59 127 -96 109 67 42 64 -106 -110 -35 -50 -133 143 19 38 123 158 -98 -160 -13 38 154 187 -119 96 -66 -40 112 193
1 -76 174 -109 94 -29 -26 101 -22 136 -148 53 -119 -147 64 31 30 -154 -128 -108 18 41 -180 95 99 -75 195 -71 29 -58 114 -58 -51 -171 124 189 180 73 173 -176 -112 193 -137 -142 -158 99 -43 -84 109 164 -25 -193 75 96 174 144 -169 100 -85 -102 140 -33 -105 124 -158 157 103 56 112 -95 21 -172 -63 -14 -79 112 -142 110 -100 -109 145 35 -93 -128 -141 91 119 77 -193 42 142 79 125 55 142 -21 63 -127 -123 50
-199 186 -106 -194 -118 -180 131 -147 -67 -2 -96 -128 81 64 30 47 33 -141 116 -115 -54 -93 101 106 -54 124 73 14 -97 -57 69 -9 84 10 7 -76 -21 73 -108 -113 162 76 112 -172 184 -147 174 -188 -45 151 -171 -90 -144 -112 -47 -200 -104 -159 151 43 7 -110 130 136 -5 -118 -38 -92 3 132 -49 -67 -163 88 25 -96 122 112 -125 37 -164 39 -164 -30 -123 -9 200 -78 -36 -54 -110 26 98 71 186 194 -65 92 21 -186
-118 155 -159 -169 -184 101 106 83 32 188 -191 37 46 -139 -122 -73 100 -76 19 -195 101 -153 25 -162 23 138 -115 43 -7 -196 138 -53 128 -132 9 154 -100 44 -47 150 82 -19 -66 117 62 198 77 -160 -87 -77 112 -28 -24 122 77 125 -122 -187 134 55 140 -31 122 126 -152 178 -121 37 -3 -15 -26 -130 95 186 118 84 -77 -23 174 -154 82 -164 -105 -139 -97 160 4 -105 19 -27 14 61 -170 -199 111 164 48 174 133 -38
-54 -130 22 169 -91 -197 190 57 -103 6 65 -180 181 200 -57 -4 92 -34 115 121 -171 -31 -127 -64 150 32 -55 13 5 66 -135 128 12 194 180 -113 -136 174 31 161 -36 25 -192 -5 104 49 185 -120 105 -59 114 128 -123 6 188 194 -163 156 70 61 146 -120 -118 -130 24 -59 25 130 -13 1 84 -35 71 10 -178 169 -37 108 -93 16 70 -97 -149 -151 20 -154 -129 84 -2 -10 -27 -141 -107 179 -95 -17 31 -75 99 168
101 161 -41 136 40 129 -159 46 -158 -168 -65 -72 63 -82 -74 104 -6 -47 132 -78 145 -171 -10 -40 166 154 -108 75 -46 -48 -122 -49 -52 -193 -166 -102 -169 3 -107 -65 79 -143 -150 159 -103 135 -29 163 34 -179 -7 -112 189 102 98 190 -66 87 34 -22 -18 -188 -139 -161 136 -140 -193 7 -154 -112 -171 153 128 164 -89 -161 -83 184 -107 43 107 -185 -50 88 -47 41 134 -159 -54 158 -79 -147 14 -47 -127 -115 36 -109 -193 56
115 -15 -143 77 115 -130 133 -96 165 -190 13 -174 22 -127 191 -199 -151 -138 -113 132 -113 112 -70 106 23 139 -113 -9 -25 -7 -68 -44 -73 65 -124 -77 -14 8 10 181 169 129 -185 124 -138 149 165 99 -145 -53 -156 24 111 -176 115 114 -143 -61 112 82 35 107 -126 47 151 -82 -190 188 -47 144 -192 -35 153 51 -31 -61 -93 37 -95 -133 -48 30 75 -146 68 10 -159 -15 -106 -79 11 15 170 -47 11 64 -64 54 66 -56
-184 188 146 66 94 -26 -22 -200 -141 117 54 197 -199 191 -123 39 -44 -194 175 -1 5 76 49 -10 77 153 -200 164 -113 -144 -35 110 -175 84 -164 88 33 -133 167 9 153 -36 97 -6 63 35 22 -41 13 -195 -65 77 78 -76 157 132 131 140 174 27 -199 -121 152 -132 -45 82 18 149 51 -6 -43 38 98 -161 43 -15 -94 123 -53 198 143 -137 -161 -107 -111 -120 -63 -81 152 -58 141 53 53 -198 -139 -194 23 -109 82 61
-86 108 97 -78 129 -14 191 104 23 -20 97 93 -197 -20 115 165 -132 169 -109 -159 79 -71 182 -99 -143 -51 -59 55 154 165 -158 -105 -179 -82 82 -88 -172 -135 194 50 108 -91 42 -152 17 152 11 -149 181 -154 -59 64 -43 74 -31 -18 192 134 -182 -44 -133 -24 148 -138 -71 180 -56 133 147 4 -156 -16 -6 -59 134 177 -82 52 -175 177 175 11 88 194 -145 72 -20 -145 37 27 -151 -44 -103 182 -53 92 184 95 -100 -172
87 56 29 -35 -67 70 -164 10 -78 49 93 -120 41 -45 -146 160 50 167 131 67 101 87 -156 151 -175 -181 162 38 176 47 -192 -19 -161 -169 -163 29 193 194 -141 -95 -161 -110 77 126 -34 71 -21 119 60 -156 78 31 77 23 80 -66 -70 -161 177 -130 -191 36 -174 102 174 -6 144 63 100 35 186 -185 4 107 165 76 70 -16 30 94 22 -34 -123 113 -60 192 74 -28 117 -38 -142 7 135 -11 -135 162 109 -186 -134 -75
22 181 -51 -8 -118 31 98 -199 51 -159 -107 94 -30 200 170 43 -51 164 -93 148 17 -34 106 87 179 -167 -51 192 155 124 191 88 185 -144 -2 -160 184 87 64 -185 -69 -149 199 -150 122 -119 180 105 -53 -103 97 132 -78 194 37 -133 -134 -107 -189 -139 170 75 121 98 -34 188 -174 -103 -152 -60 -34 -149 -34 174 103 140 -92 -78 -182 81 4 94 18 137 -86 -71 -56 90 -142 -86 -140 -2 -35 -108 -1 -199 -191 45 -162 -142
-33 110 -119 -66 -38 48 -48 -46 188 130 71 -6 174 -17 154 -167 79 -2 52 116 -115 -112 3 115 194 26 6 -110 99 -189 -49 135 68 -167 53 -195 -6 94 -165 135 60 -86 70 -157 180 18 57 -136 -106 -108 110 -157 116 -172 42 17 30 -60 -179 75 -7 46 192 10 -138 49 37 -144 33 -46 72 196 -83 30 52 18 126 -64 -164 128 35 112 -60 -147 129 -193 -181 49 63 8 -127 -114 165 -67 46 135 -195 91 23 128
-6 67 -152 -96 -65 -89 -46 -132 67 3 48 -48 155 143 111 -42 -91 -64 114 -3 -136 -146 -26 -4 200 -41 -84 44 44 -189 57 -65 111 131 37 44 -65 2 157 144 -198 186 -67 -21 -20 -150 -50 90 -106 120 30 51 -124 -78 -77 -131 -157 -57 -83 -70 -134 -148 186 -182 125 -100 178 94 -194 168 -13 177 18 -191 -120 -150 173 51 -118 -28 2 76 -13 -116 -176 -36 -198 -105 62 6 132 -25 30 79 84 79 46 108 -84 59
179 85 -198 84 -100 85 -21 160 143 -71 13 -86 -96 -200 178 4 -50 -194 -49 104 -69 -181 62 172 -40 138 -184 -75 192 -10 -119 157 73 -113 163 -166 94 45 160 80 59 -123 163 106 189 -171 28 115 -39 41 -30 -49 -70 199 136 -47 -49 121 26 108 2 -109 -119 -46 -32 114 -82 -30 -143 -181 -136 -142 -24 -121 191 -167 110 92 51 121 155 -172 -76 83 -191 -83 59 13 -70 104 -103 5 -66 -141 124 -68 125 162 105 -147
-173 166 -19 143 177 165 -3 -118 45 55 -22 -99 99 -21 60 14 89 16 -62 108 -63 -30 -86 144 200 110 40 -192 62 7 -129 -34 44 -157 197 7 -146 -119 63 -152 -33 -120 193 90 -52 -21 43 115 50 -16 120 180 176 -45 99 63 -144 1 -56 144 -163 -10 160 -12 168 -50 -114 145 -8 -119 19 104 81 89 -171 -185 -198 157 83 170 -145 27 8 197 -28 -8 124 -81 -112 24 40 69 197 -137 -10 -134 11 98 -186 -189
-186 -92 -27 -188 -126 -122 -173 -77 186 84 -56 -11 -116 7 -150 -133 -129 194 150 63 0 17 152 -63 22 -61 -183 -191 57 -191 -142 145 -68 -109 -187 -124 182 -132 -64 -66 -130 30 -123 -141 -178 -34 -193 190 -167 109 99 158 183 156 90 -72 101 -153 -24 -122 -186 -187 -135 -83 147 -198 -41 -154 104 172 118 -54 -176 161 -137 -92 -56 131 39 181 -161 99 156 25 -199 100 -76 102 16 4 -122 69 15 -2 -132 67 36 118 -121 -145
127 39 51 -41 -164 -79 -122 90 -106 112 62 167 -130 28 -50 183 -165 58 -9 -106 -121 -166 -33 62 193 45 -32 77 199 -62 42 -43 -128 -52 53 135 141 161 -33 -180 60 1 25 59 -175 145 183 110 -72 -29 163 139 83 -97 109 -114 157 196 111 67 51 111 -6 81 -98 -2 160 3 -149 37 141 -137 12 -50 150 108 58 108 -90 -103 20 56 44 25 -190 37 -152 8 124 160 -34 89 -40 191 58 -12 -13 198 -8 -113
-166 198 179 117 79 -108 -199 58 -54 60 13 39 -194 -110 -91 62 -60 78 -22 113 -55 24 -186 -10 -84 169 -152 -65 181 -116 149 -152 -72 -120 -90 82 -8 18 -101 48 -112 -11 -18 156 -95 42 56 -85 -173 -59 76 -119 -124 91 -21 -186 -136 -58 -159 -180 76 -162 89 183 -77 145 -72 132 112 -186 -31 -68 -200 116 165 -88 -200 33 45 -97 -42 137 -123 -111 -139 104 -53 -89 5 -142 102 133 193 69 -179 -177 186 -49 -64 129
17 -167 33 143 -56 -167 40 58 -157 -85 -175 174 37 -190 -75 164 71 -35 -52 -81 -131 -178 169 80 -180 -156 89 -150 -29 166 -121 96 -11 69 -81 -54 70 -51 94 49 97 189 149 -196 103 200 135 51 155 -120 180 125 45 165 -117 24 70 36 -22 37 121 168 -193 -167 166 -141 81 -64 -162 -178 -11 188 -18 60 -151 60 80 164 155 -87 -91 -139 -158 -138 -50 -53 118 -65 161 16 167 79 -192 -177 -160 -8 64 81 129 -87
-196 186 179 140 -122 -141 68 -24 -146 135 137 173 173 76 -40 -9 -13 -67 -106 84 -30 -170 140 193 -187 87 146 129 25 157 72 123 -115 96 -36 180 122 -104 -122 -119 -177 1 132 135 -61 40 156 45 -38 189 -48 22 -160 -26 -6 -62 193 -121 -62 181 45 102 86 -59 -90 171 86 -76 175 183 -136 -39 -115 -51 -131 179 165 62 -75 42 -13 -139 -76 77 137 161 114 172 -133 19 9 190 132 -124 -189 35 114 -22 -105 -166
106 88 -30 -144 -71 -187 -180 -124 -62 -16 -164 -193 -145 91 -96 -29 119 33 -65 98 102 -159 -150 -51 -106 -108 -79 7 -168 49 187 -118 84 9 -147 -94 -1 -31 59 78 109 -134 -173 -22 -139 -109 -173 142 -128 30 12 75 -111 -137 -48 -67 98 89 149 -172 177 -196 -124 62 -47 -125 -143 197 12 -185 -118 54 -105 -94 -141 -148 -9 12 -24 158 -186 115 -62 91 189 -7 -58 -121 -4 -78 -185 -59 -18 13 -59 -197 143 -161 -21 -156
-140 102 33 175 102 95 -143 -170 171 62 18 133 -30 -135 -171 61 -91 -71 123 -24 159 -76 -18 139 150 35 -23 23 90 107 -136 17 113 160 183 -104 -2 -83 -172 27 -117 154 68 -112 165 107 -78 -104 56 59 -125 -82 -77 70 177 -194 -10 27 -4 -144 68 -5 140 -74 -89 116 -152 -64 130 -125 -69 169 137 -107 -161 179 138 98 190 -4 70 160 -9 -9 -30 -13 16 -101 124 105 84 28 -80 -22 -180 196 2 98 3 -105
-153 99 -5 -87 -53 144 -105 -9 198 12 -82 -20 174 114 189 -174 -13 3 -109 -7 132 11 178 -147 -162 -78 45 102 168 70 149 181 75 -73 135 -19 -198 -76 -168 -189 37 36 118 -197 133 56 -161 137 31 -174 138 45 111 -200 47 -64 135 139 -160 60 -74 135 -11 45 158 -149 -93 -155 -86 -86 -102 60 -90 -170 193 -118 -130 -68 -157 -190 -166 -148 -175 14 -151 7 188 4 152 -175 -48 -192 -185 2 5 7 -181 11 3 -167
-44 -102 -118 8 85 -161 19 -81 -47 -153 169 -137 -146 -140 -115 -63 10 -22 -131 -72 12 6 -185 -160 39 175 -39 58 -96 -123 169 -191 75 -45 46 98 -156 16 99 -191 -160 34 -35 71 -196 27 -71 32 118 54 143 141 -37 158 -23 33 159 57 -163 -123 164 134 161 -39 31 -104 46 3 30 40 -165 141 -156 -50 147 134 63 -103 -41 -192 -46 39 104 42 -34 108 -180 -193 -189 -15 -174 -6 182 -98 190 103 19 -87 26 9
-160 -3 -118 18 40 -151 -102 135 -181 -112 -148 -144 -134 -142 -151 168 42 177 -31 174 173 -49 57 -167 31 -174 -117 58 151 53 -154 91 158 -150 143 -123 -193 -176 192 -2 -199 15 50 -73 -14 50 -88 159 -74 -24 -152 -120 92 158 20 172 41 110 124 123 50 -77 104 130 -1 39 -104 -114 16 -26 115 32 155 175 174 -119 2 53 128 -118 -112 -199 196 13 75 68 38 171 -117 -193 172 28 -31 82 -86 74 -30 31 79 -110
10 -51 6 -89 -24 179 138 196 -81 17 192 114 93 15 145 -50 27 127 111 67 191 -94 -195 -41 119 28 -87 90 64 -191 5 60 -89 -76 4 115 -49 56 146 55 19 -70 199 118 -63 106 163 127 -123 89 -152 161 -74 105 -172 -116 -65 -46 16 194 15 123 19 87 -91 139 20 -154 -129 144 68 -123 98 173 25 -56 39 36 24 -107 32 158 162 -174 -153 -199 45 126 98 -35 52 -91 -85 -180 -29 -126 20 -130 118 42
-82 -102 -74 -75 -9 -95 53 -8 -135 61 -123 -14 -152 -103 -82 -80 -135 2 126 185 159 -2 -87 -11 -164 16 -176 98 -126 125 77 -152 -40 -98 -200 -95 158 144 142 120 -195 55 120 -24 -127 175 -12 116 -23 4 -81 20 -136 -68 -98 80 64 18 -32 98 -156 -104 177 6 -185 57 91 -30 -3 -126 87 5 157 -163 2 165 196 24 -39 -84 88 13 -49 -52 -59 161 -2 45 37 -45 -100 -62 -154 -44 -70 60 2 -182 -123 37
-77 -191 -178 -184 87 -80 -160 -57 141 -13 -107 -141 -170 -120 131 -15 -192 -90 -54 47 35 -127 31 23 -77 167 -126 17 1 178 161 -31 -196 -91 -189 167 177 -3 45 67 24 61 -4 -105 83 22 -50 190 -110 40 -170 35 -18 16 -97 73 -46 50 -127 -82 86 4 39 14 70 99 15 143 138 -127 129 189 -129 -185 -122 129 -111 -114 103 -158 -72 -148 50 17 62 166 -184 157 -49 -133 -15 188 33 38 197 92 10 -135 91 -6
-122 38 200 48 62 81 175 -154 69 26 37 28 -94 112 161 68 90 -163 192 35 -177 104 -181 -140 -30 59 -98 167 -159 58 -113 167 113 -38 102 12 -51 110 184 178 -143 151 53 -166 -55 -95 180 57 -114 -129 181 -190 -133 30 -28 -86 -158 74 -146 51 -101 156 -113 -80 -169 -17 -152 -3 -100 123 -35 58 113 128 -131 -170 198 -186 170 -32 145 -170 188 -27 -183 -176 104 -52 47 -10 -170 75 -84 -93 -34 -32 87 178 -39 33
-172 74 40 67 -180 -96 -180 -45 -116 113 -157 131 -92 -98 52 187 163 -116 -193 -162 59 -173 -109 -47 194 181 -192 -171 155 140 11 42 72 117 -189 154 -13 130 108 -1 107 -145 -62 183 -138 -14 157 -99 -112 122 171 -113 24 -42 -53 81 -192 -110 -72 -76 58 -2 129 -66 140 178 -42 103 -193 194 123 150 -198 104 130 124 -114 152 -147 162 83 -161 -184 93 2 -142 74 103 144 -11 167 -157 -180 136 -142 -51 142 38 181 -45
64 192 182 101 21 -145 -8 -35 -60 84 154 -154 158 -13 32 45 177 -193 175 -11 -89 147 -72 46 5 -45 -193 194 -200 110 -83 12 -27 84 37 -188 190 114 190 -128 75 15 -177 -71 -21 24 -83 -33 65 197 148 -116 29 160 93 -125 -39 -77 74 169 71 13 -18 -79 -120 -41 88 51 176 44 76 18 150 -117 -179 156 42 171 95 -6 -130 -142 -90 -54 9 86 20 49 154 125 154 127 -21 -99 175 -86 -111 -46 -133 -98
-95 -32 -191 138 -163 166 -20 -178 -2 191 -38 -112 -3 -108 191 13 157 89 -63 12 193 152 -189 -75 115 -147 115 36 -64 53 19 21 -133 -163 -24 23 -160 -138 6 -87 151 -181 101 107 -76 -38 -57 17 -10 -64 148 -84 -171 66 19 -67 -21 -166 174 188 22 12 68 46 -175 26 -97 31 -125 165 -200 -165 200 75 -134 92 9 -157 181 180 -50 -93 -9 -181 -18 173 172 -51 101 -65 -124 -128 -187 -67 133 66 191 59 -165 -163
145 -16 149 16 51 -64 130 80 25 -129 58 34 88 -190 -86 -57 68 104 162 -170 -39 2 72 128 -124 -27 176 -19 -53 -105 -173 -81 49 -32 67 30 76 -38 187 103 -96 38 -14 7 -164 -177 164 44 42 -104 36 179 -143 -154 63 -20 137 -23 -81 -54 87 -72 -168 -40 110 -134 23 -2 -158 -75 -3 41 -113 -119 -144 68 189 27 -181 127 43 -186 147 96 -71 -147 181 97 36 16 -21 -141 -160 42 -37 29 66 144 78 -44
-134 45 -64 81 96 -199 39 26 -159 11 -28 -38 87 183 188 55 -128 -124 -182 122 -59 22 -115 135 74 -75 -104 -134 48 -144 89 -18 -59 -83 -97 -157 -177 9 -98 -198 192 -43 -4 -8 29 -18 0 -94 88 -111 -18 156 -118 -146 -82 60 -75 -103 -106 103 98 111 -62 13 -150 86 85 -146 38 -4 -167 7 -80 46 -139 68 143 102 -20 -151 -143 -43 122 -125 -117 -165 -167 -151 -156 49 156 135 180 70 -80 -170 192 -84 46 118
33 119 -157 158 -74 -40 46 -28 -171 -170 -111 -149 -158 80 -174 -27 -24 -57 -178 -102 -59 -107 122 60 -8 -59 -19 -54 156 13 101 -80 -161 44 -86 -49 189 103 44 -6 -139 82 -2 83 90 74 -68 -187 91 -55 118 110 158 16 150 47 -114 -113 -13 3 167 -157 118 90 159 80 -130 26 187 -125 110 157 -86 186 80 15 -60 -136 6 7 -43 77 -23 -169 -177 22 18 -180 -127 147 21 41 -133 113 -31 69 176 -18 -10 -176
-70 145 -121 -82 -72 102 80 -140 167 178 -196 145 -183 90 -140 -150 -152 199 120 177 -169 196 -61 -128 -183 -45 -172 199 -10 -93 104 8 -67 5 -39 -55 -20 4 158 -74 -21 -87 87 192 -39 -57 -46 -163 -185 198 -139 -65 8 73 -107 117 -69 178 155 -117 -112 36 165 14 -71 35 -108 -55 4 63 13 99 90 -2 50 23 -149 31 173 23 164 -88 16 -200 -39 127 -119 9 45 123 107 34 11 180 -187 -47 76 168 159 62
-5 -176 104 61 -98 -181 -119 -128 -86 -89 38 -44 -172 192 -160 115 144 100 -107 97 -54 193 113 -39 -45 -156 52 -24 98 56 199 17 87 -148 89 -126 111 -80 -13 -82 192 -17 11 31 -44 123 -185 14 115 -48 -49 104 -37 77 -50 111 -165 27 -50 162 75 -162 116 124 -74 -196 -192 172 102 -181 -120 -102 -31 -76 -188 106 132 40 -78 -200 156 -72 -187 -82 -153 200 -134 46 -139 171 90 -57 155 95 29 128 49 162 58 38
